0.318998 0.011448 -0.027341 -0.022528 0.005531 0.052614 0.010114 0.033330 -0.002925 -0.004455 -0.028856 0.017206
0.011448 0.188309 0.029009 -0.011217 0.000483 -0.000215 0.027401 0.016570 0.024728 0.010408 -0.003769 -0.001360
-0.027341 0.029009 0.236688 0.018506 -0.002298 -0.017485 0.006450 0.051858 0.019186 0.025422 0.011310 -0.001038
-0.022528 -0.011217 0.018506 0.251473 0.021879 -0.023326 -0.004207 -0.002583 0.041352 0.017743 0.031171 0.013425
0.005531 0.000483 -0.002298 0.021879 0.162979 0.013000 -0.004215 -0.007652 0.006928 0.026844 0.014488 0.015485
0.052614 -0.000215 -0.017485 -0.023326 0.013000 0.325388 0.009181 -0.030933 -0.015916 0.003948 0.047209 0.009474
0.010114 0.027401 0.006450 -0.004207 -0.004215 0.009181 0.161395 0.010408 -0.007430 -0.000989 0.009797 0.022409
0.033330 0.016570 0.051858 -0.002583 -0.007652 -0.030933 0.010408 0.241758 0.005408 -0.009224 -0.012093 0.009447
-0.002925 0.024728 0.019186 0.041352 0.006928 -0.015916 -0.007430 0.005408 0.190635 0.013737 -0.013971 0.000518
-0.004455 0.010408 0.025422 0.017743 0.026844 0.003948 -0.000989 -0.009224 0.013737 0.143055 0.011579 0.000833
-0.028856 -0.003769 0.011310 0.031171 0.014488 0.047209 0.009797 -0.012093 -0.013971 0.011579 0.245167 0.018269
0.017206 -0.001360 -0.001038 0.013425 0.015485 0.009474 0.022409 0.009447 0.000518 0.000833 0.018269 0.152216
0.165014 0.021338 -0.005388 -0.088872 0.008279 0.019962 0.012927 0.020323 0.007652 -0.002417 -0.047473 0.014083
0.021338 0.099706 0.017907 -0.081079 0.005953 0.012217 0.010442 0.007821 0.009715 0.004075 -0.016320 0.001319
-0.005388 0.017907 0.135705 -0.027015 0.003434 -0.002470 0.005409 0.013587 0.011701 0.003283 -0.009760 0.002085
-0.088872 -0.081079 -0.027015 0.865500 -0.027335 -0.119146 -0.051238 -0.043214 -0.004027 0.012502 0.009460 -0.019634
0.008279 0.005953 0.003434 -0.027335 0.095518 0.014273 0.000095 -0.008883 0.005288 0.003576 0.000137 0.006730
0.019962 0.012217 -0.002470 -0.119146 0.014273 0.154113 0.017396 -0.017221 -0.004197 0.003877 0.008246 0.012617
0.012927 0.010442 0.005409 -0.051238 0.000095 0.017396 0.079310 0.013714 -0.003036 -0.001174 -0.005103 0.006089
0.020323 0.007821 0.013587 -0.043214 -0.008883 -0.017221 0.013714 0.204728 0.005628 -0.016168 -0.037433 0.004202
0.007652 0.009715 0.011701 -0.004027 0.005288 -0.004197 -0.003036 0.005628 0.146455 0.013281 -0.050382 0.003723
-0.002417 0.004075 0.003283 0.012502 0.003576 0.003877 -0.001174 -0.016168 0.013281 0.098910 -0.008636 0.000028
-0.047473 -0.016320 -0.009760 0.009460 0.000137 0.008246 -0.005103 -0.037433 -0.050382 -0.008636 0.380312 -0.003771
0.014083 0.001319 0.002085 -0.019634 0.006730 0.012617 0.006089 0.004202 0.003723 0.000028 -0.003771 0.070918
0.096544 0.025447 0.006654 0.001698 -0.026457 0.016321 0.010470 0.009095 0.001575 0.006438 0.000042 -0.006124
0.025447 0.147969 0.021753 -0.002412 -0.084901 0.010943 0.029947 0.014069 0.008983 0.007706 -0.000599 -0.034647
0.006654 0.021753 0.078880 0.015830 -0.065426 0.007781 0.010679 0.009578 0.008220 0.010856 0.007583 -0.007206
0.001698 -0.002412 0.015830 0.170884 -0.031457 -0.006611 -0.009132 0.005061 0.006694 0.005226 0.007040 -0.005790
-0.026457 -0.084901 -0.065426 -0.031457 0.897122 -0.057739 -0.131283 -0.042255 -0.041574 -0.012266 0.006235 0.026548
0.016321 0.010943 0.007781 -0.006611 -0.057739 0.131872 0.016497 0.003246 -0.010142 0.002544 0.012060 -0.003781
0.010470 0.029947 0.010679 -0.009132 -0.131283 0.016497 0.186627 0.011759 -0.018805 -0.003565 0.000356 -0.001334
0.009095 0.014069 0.009578 0.005061 -0.042255 0.003246 0.011759 0.061985 0.013798 -0.000454 0.001400 -0.004512
0.001575 0.008983 0.008220 0.006694 -0.041574 -0.010142 -0.018805 0.013798 0.196554 0.006983 -0.010381 -0.031019
0.006438 0.007706 0.010856 0.005226 -0.012266 0.002544 -0.003565 -0.000454 0.006983 0.142896 0.009298 -0.044848
0.000042 -0.000599 0.007583 0.007040 0.006235 0.012060 0.000356 0.001400 -0.010381 0.009298 0.106683 -0.011862
-0.006124 -0.034647 -0.007206 -0.005790 0.026548 -0.003781 -0.001334 -0.004512 -0.031019 -0.044848 -0.011862 0.374760
0.420559 -0.002926 -0.058033 -0.033777 -0.011315 0.038132 0.000288 0.004504 -0.000813 -0.041346 -0.058013 -0.005033
-0.002926 0.086526 0.025280 0.000946 0.001386 -0.024901 0.008689 0.011106 0.006416 0.002757 0.006270 0.003023
-0.058033 0.025280 0.179577 0.023926 -0.004634 -0.107678 0.008357 0.027182 0.013649 0.011934 0.009290 -0.002197
-0.033777 0.000946 0.023926 0.140383 0.012681 -0.106513 0.001065 0.011041 0.011929 0.004224 0.015323 0.002907
-0.011315 0.001386 -0.004634 0.012681 0.126761 -0.035459 0.002461 -0.004912 0.005342 0.007926 0.008556 0.002492
0.038132 -0.024901 -0.107678 -0.106513 -0.035459 0.944312 -0.034031 -0.131824 -0.051232 -0.045594 -0.015261 -0.003149
0.000288 0.008689 0.008357 0.001065 0.002461 -0.034031 0.084481 0.011802 -0.000371 -0.007133 0.003711 0.001575
0.004504 0.011106 0.027182 0.011041 -0.004912 -0.131824 0.011802 0.163294 0.013191 -0.019675 -0.004324 0.006341
-0.000813 0.006416 0.013649 0.011929 0.005342 -0.051232 -0.000371 0.013191 0.074512 0.013479 -0.003022 0.002951
-0.041346 0.002757 0.011934 0.004224 0.007926 -0.045594 -0.007133 -0.019675 0.013479 0.198103 0.002224 -0.011040
-0.058013 0.006270 0.009290 0.015323 0.008556 -0.015261 0.003711 -0.004324 -0.003022 0.002224 0.152569 0.013466
-0.005033 0.003023 -0.002197 0.002907 0.002492 -0.003149 0.001575 0.006341 0.002951 -0.011040 0.013466 0.083537
0.103209 0.008323 0.004304 0.000089 0.003308 0.007007 -0.017193 0.007031 0.008576 0.006257 -0.005731 0.019156
0.008323 0.328465 0.011838 -0.030071 -0.020930 -0.007414 0.017200 0.008849 0.007860 0.001681 -0.017859 -0.032489
0.004304 0.011838 0.097448 0.021688 0.000794 -0.000388 -0.045489 0.017438 0.015653 0.007163 0.005532 0.002393
0.000089 -0.030071 0.021688 0.152938 0.025840 -0.007570 -0.083619 0.007327 0.013682 0.010935 0.013033 0.010130
0.003308 -0.020930 0.000794 0.025840 0.148293 0.013583 -0.103208 0.004914 0.010817 0.007556 0.006201 0.008993
0.007007 -0.007414 -0.000388 -0.007570 0.013583 0.131886 -0.041256 -0.004324 0.001175 0.003592 0.000773 0.011182
-0.017193 0.017200 -0.045489 -0.083619 -0.103208 -0.041256 0.884254 -0.073489 -0.096335 -0.047071 -0.055377 -0.028466
0.007031 0.008849 0.017438 0.007327 0.004914 -0.004324 -0.073489 0.108830 0.016798 0.000718 -0.004564 0.007254
0.008576 0.007860 0.015653 0.013682 0.010817 0.001175 -0.096335 0.016798 0.108011 0.013225 -0.006246 0.002627
0.006257 0.001681 0.007163 0.010935 0.007556 0.003592 -0.047071 0.000718 0.013225 0.068001 0.014850 0.000591
-0.005731 -0.017859 0.005532 0.013033 0.006201 0.000773 -0.055377 -0.004564 -0.006246 0.014850 0.181157 0.009097
0.019156 -0.032489 0.002393 0.010130 0.008993 0.011182 -0.028466 0.007254 0.002627 0.000591 0.009097 0.137963
0.143720 0.017553 -0.055071 0.003496 0.006716 0.018573 0.010669 -0.039593 0.006742 0.001390 -0.003285 0.015348
0.017553 0.103470 0.013572 0.005683 -0.000397 0.003820 0.000317 -0.013777 0.002858 0.004400 0.001509 -0.010349
-0.055071 0.013572 0.387760 -0.003683 -0.042738 -0.034377 -0.009642 0.059724 -0.005649 -0.002552 -0.006843 -0.050688
0.003496 0.005683 -0.003683 0.092323 0.020972 0.000209 0.000291 -0.037216 0.011921 0.007743 0.005413 0.004153
0.006716 -0.000397 -0.042738 0.020972 0.140202 0.017992 -0.006805 -0.068950 0.005459 0.013793 0.009896 0.008612
0.018573 0.003820 -0.034377 0.000209 0.017992 0.133558 0.010332 -0.102027 0.001208 0.009874 0.015640 0.008669
0.010669 0.000317 -0.009642 0.000291 -0.006805 0.010332 0.110026 -0.050046 -0.003021 -0.002009 0.003592 0.009443
-0.039593 -0.013777 0.059724 -0.037216 -0.068950 -0.102027 -0.050046 0.805665 -0.053864 -0.091864 -0.063072 -0.065910
0.006742 0.002858 -0.005649 0.011921 0.005459 0.001208 -0.003021 -0.053864 0.086963 0.009771 -0.002936 -0.006599
0.001390 0.004400 -0.002552 0.007743 0.013793 0.009874 -0.002009 -0.091864 0.009771 0.103612 0.015305 -0.006747
-0.003285 0.001509 -0.006843 0.005413 0.009896 0.015640 0.003592 -0.063072 -0.002936 0.015305 0.098820 0.016867
0.015348 -0.010349 -0.050688 0.004153 0.008612 0.008669 0.009443 -0.065910 -0.006599 -0.006747 0.016867 0.186965
0.243761 0.014385 -0.016245 -0.056143 0.008692 0.020065 0.013319 0.019525 -0.068359 -0.007769 -0.016357 0.018320
0.014385 0.144517 0.026636 -0.042446 0.007907 0.009233 0.008290 0.006285 -0.018168 0.006324 0.000441 0.000533
-0.016245 0.026636 0.127109 0.011255 0.006439 -0.001927 0.004374 0.006692 -0.009796 0.006041 0.011899 0.001836
-0.056143 -0.042446 0.011255 0.393679 0.004349 -0.054416 -0.019206 -0.010805 0.052651 0.001886 0.000189 -0.003166
0.008692 0.007907 0.006439 0.004349 0.094171 0.020718 0.002761 -0.002093 -0.031003 0.008159 0.009502 0.008229
0.020065 0.009233 -0.001927 -0.054416 0.020718 0.184859 0.017992 -0.010784 -0.092397 0.003148 0.022564 0.014435
0.013319 0.008290 0.004374 -0.019206 0.002761 0.017992 0.091871 0.010717 -0.074333 0.000840 0.007851 0.010142
0.019525 0.006285 0.006692 -0.010805 -0.002093 -0.010784 0.010717 0.136771 -0.061887 -0.004404 -0.005742 0.004275
-0.068359 -0.018168 -0.009796 0.052651 -0.031003 -0.092397 -0.074333 -0.061887 0.777767 -0.040688 -0.115559 -0.049475
-0.007769 0.006324 0.006041 0.001886 0.008159 0.003148 0.000840 -0.004404 -0.040688 0.087683 0.010613 0.000018
-0.016357 0.000441 0.011899 0.000189 0.009502 0.022564 0.007851 -0.005742 -0.115559 0.010613 0.156162 0.017921
0.018320 0.000533 0.001836 -0.003166 0.008229 0.014435 0.010142 0.004275 -0.049475 0.000018 0.017921 0.074964
0.091304 0.022495 0.001732 0.005951 -0.002517 0.009990 0.014256 0.017052 0.005035 -0.060282 0.004003 0.026197
0.022495 0.173932 0.019738 -0.000636 -0.027894 0.006949 0.013453 0.011028 0.008315 -0.046017 0.000016 -0.005083
0.001732 0.019738 0.144294 0.022924 -0.032948 0.004091 0.012773 0.009198 0.003136 -0.016513 0.006523 -0.001550
0.005951 -0.000636 0.022924 0.092921 0.016646 0.003522 -0.000507 0.000700 0.001189 -0.010036 0.004887 0.005388
-0.002517 -0.027894 -0.032948 0.016646 0.332851 0.000023 -0.037412 -0.026025 -0.005521 0.028837 -0.000815 -0.012277
0.009990 0.006949 0.004091 0.003522 0.000023 0.108896 0.018348 0.000719 -0.001168 -0.043537 0.020741 0.010024
0.014256 0.013453 0.012773 -0.000507 -0.037412 0.018348 0.135840 0.015624 -0.006284 -0.078410 0.006597 0.031093
0.017052 0.011028 0.009198 0.000700 -0.026025 0.000719 0.015624 0.135253 0.009171 -0.097246 0.001947 0.007942
0.005035 0.008315 0.003136 0.001189 -0.005521 -0.001168 -0.006284 0.009171 0.106811 -0.039222 -0.003582 -0.007624
-0.060282 -0.046017 -0.016513 -0.010036 0.028837 -0.043537 -0.078410 -0.097246 -0.039222 0.759478 -0.061040 -0.139281
0.004003 0.000016 0.006523 0.004887 -0.000815 0.020741 0.006597 0.001947 -0.003582 -0.061040 0.101693 0.013551
0.026197 -0.005083 -0.001550 0.005388 -0.012277 0.010024 0.031093 0.007942 -0.007624 -0.139281 0.013551 0.184498
0.146777 0.020620 -0.014109 0.001137 0.006657 -0.001040 0.012448 0.023523 0.009078 -0.000021 -0.102644 0.012759
0.020620 0.081084 0.031238 0.002528 0.002524 -0.000777 0.006129 0.016362 0.009072 0.006244 -0.043767 -0.000536
-0.014109 0.031238 0.261129 0.018918 -0.011939 -0.038134 0.002245 0.018764 0.007775 0.006557 -0.049761 -0.011355
0.001137 0.002528 0.018918 0.164228 0.022175 -0.043855 0.004319 0.008804 0.017875 0.008164 -0.030205 0.007982
0.006657 0.002524 -0.011939 0.022175 0.100327 0.008542 0.000659 -0.001547 0.004131 0.002274 -0.008601 0.006867
-0.001040 -0.000777 -0.038134 -0.043855 0.008542 0.349411 0.000431 -0.041769 -0.022106 -0.005748 0.032015 -0.000419
0.012448 0.006129 0.002245 0.004319 0.000659 0.000431 0.076762 0.014834 -0.000103 0.000801 -0.025655 0.011942
0.023523 0.016362 0.018764 0.008804 -0.001547 -0.041769 0.014834 0.148533 0.014339 -0.005271 -0.081459 0.006374
0.009078 0.009072 0.007775 0.017875 0.004131 -0.022106 -0.000103 0.014339 0.099536 0.009706 -0.074526 0.000962
-0.000021 0.006244 0.006557 0.008164 0.002274 -0.005748 0.000801 -0.005271 0.009706 0.096225 -0.038809 -0.000858
-0.102644 -0.043767 -0.049761 -0.030205 -0.008601 0.032015 -0.025655 -0.081459 -0.074526 -0.038809 0.693343 -0.027322
0.012759 -0.000536 -0.011355 0.007982 0.006867 -0.000419 0.011942 0.006374 0.000962 -0.000858 -0.027322 0.097298
0.089053 0.021976 0.002178 -0.005348 0.006822 0.004920 0.008113 0.007365 0.008781 0.008461 0.002112 -0.024764
0.021976 0.157787 0.022772 -0.005751 -0.001702 0.005436 0.002959 0.012440 0.022858 0.017614 -0.000798 -0.109842
0.002178 0.022772 0.097832 0.021664 -0.000796 0.001253 -0.001189 0.006755 0.014661 0.014813 0.009656 -0.048680
-0.005348 -0.005751 0.021664 0.193234 0.023501 -0.008553 -0.032720 0.002558 0.011572 0.004163 0.005943 -0.038594
0.006822 -0.001702 -0.000796 0.023501 0.152627 0.013524 -0.038847 0.002663 0.010403 0.010228 0.006754 -0.026259
0.004920 0.005436 0.001253 -0.008553 0.013524 0.103413 0.008432 0.001918 -0.001667 0.003107 0.006283 -0.004130
0.008113 0.002959 -0.001189 -0.032720 -0.038847 0.008432 0.353832 0.002796 -0.029516 -0.014223 -0.013978 0.021043
0.007365 0.012440 0.006755 0.002558 0.002663 0.001918 0.002796 0.065122 0.012397 0.000791 0.001095 -0.015687
0.008781 0.022858 0.014661 0.011572 0.010403 -0.001667 -0.029516 0.012397 0.126486 0.014538 -0.005624 -0.067492
0.008461 0.017614 0.014813 0.004163 0.010228 0.003107 -0.014223 0.000791 0.014538 0.093795 0.010432 -0.071382
0.002112 -0.000798 0.009656 0.005943 0.006754 0.006283 -0.013978 0.001095 -0.005624 0.010432 0.139011 -0.055688
-0.024764 -0.109842 -0.048680 -0.038594 -0.026259 -0.004130 0.021043 -0.015687 -0.067492 -0.071382 -0.055688 0.691781
0.696876 -0.030884 -0.127571 -0.056981 -0.065118 -0.015769 0.002919 0.009357 -0.015774 -0.073142 -0.093420 -0.033367
-0.030884 0.107179 0.024086 0.004168 -0.007136 0.004618 0.000444 0.000379 0.007318 0.005521 0.004332 -0.000956
-0.127571 0.024086 0.184141 0.027506 -0.012817 -0.007056 0.001771 0.004630 0.011631 0.024223 0.015666 -0.004454
-0.056981 0.004168 0.027506 0.114087 0.022686 -0.004821 -0.000413 -0.007584 0.005551 0.014132 0.018547 0.006199
-0.065118 -0.007136 -0.012817 0.022686 0.235206 0.015197 -0.013439 -0.042819 0.005978 0.013101 0.010893 0.013122
-0.015769 0.004618 -0.007056 -0.004821 0.015197 0.175434 0.012623 -0.049804 0.000428 0.003173 0.014676 0.007165
0.002919 0.000444 0.001771 -0.000413 -0.013439 0.012623 0.102915 0.009992 -0.002081 -0.005935 0.000460 0.000843
0.009357 0.000379 0.004630 -0.007584 -0.042819 -0.049804 0.009992 0.348363 0.000693 -0.037917 -0.025489 -0.010101
-0.015774 0.007318 0.011631 0.005551 0.005978 0.000428 -0.002081 0.000693 0.066918 0.011868 -0.000597 -0.000059
-0.073142 0.005521 0.024223 0.014132 0.013101 0.003173 -0.005935 -0.037917 0.011868 0.140206 0.015382 -0.005703
-0.093420 0.004332 0.015666 0.018547 0.010893 0.014676 0.000460 -0.025489 -0.000597 0.015382 0.119736 0.010794
-0.033367 -0.000956 -0.004454 0.006199 0.013122 0.007165 0.000843 -0.010101 -0.000059 -0.005703 0.010794 0.108883
0.142616 -0.030289 -0.007043 -0.007301 0.004909 0.008200 0.012367 0.006416 -0.010370 0.000238 -0.010153 0.011136
-0.030289 0.806193 -0.045086 -0.135534 -0.049070 -0.063299 -0.006939 0.008562 -0.005591 -0.015649 -0.074256 -0.074458
-0.007043 -0.045086 0.122733 0.023375 0.003488 -0.011857 0.005818 0.003203 -0.003365 0.006827 0.008434 0.004922
-0.007301 -0.135534 0.023375 0.188231 0.024157 -0.016057 -0.004004 0.004209 0.025401 0.014934 0.023596 0.015846
0.004909 -0.049070 0.003488 0.024157 0.084862 0.024586 -0.001976 0.001543 0.004942 0.006103 0.014204 0.011821
0.008200 -0.063299 -0.011857 -0.016057 0.024586 0.232784 0.009089 -0.014798 -0.029666 0.003400 0.022042 0.013800
0.012367 -0.006939 0.005818 -0.004004 -0.001976 0.009089 0.125531 0.010631 -0.035147 0.001337 0.008589 0.009659
0.006416 0.008562 0.003203 0.004209 0.001543 -0.014798 0.010631 0.097012 0.002462 -0.003133 -0.002023 0.004020
-0.010370 -0.005591 -0.003365 0.025401 0.004942 -0.029666 -0.035147 0.002462 0.328676 -0.000717 -0.032550 -0.011592
0.000238 -0.015649 0.006827 0.014934 0.006103 0.003400 0.001337 -0.003133 -0.000717 0.070125 0.013091 0.001572
-0.010153 -0.074256 0.008434 0.023596 0.014204 0.022042 0.008589 -0.002023 -0.032550 0.013091 0.137225 0.016099
0.011136 -0.074458 0.004922 0.015846 0.011821 0.013800 0.009659 0.004020 -0.011592 0.001572 0.016099 0.087079
0.128341 0.011038 -0.095345 0.001029 0.010341 0.011581 0.004818 0.011033 -0.000199 -0.025076 -0.002665 0.019837
0.011038 0.105004 0.008749 -0.005200 -0.003604 0.002859 -0.001333 0.011204 -0.000323 -0.003913 0.002226 -0.003249
-0.095345 0.008749 0.748755 -0.049213 -0.092991 -0.053581 -0.023814 -0.009675 -0.007291 -0.004128 -0.010262 -0.061325
0.001029 -0.005200 -0.049213 0.147731 0.017972 -0.001828 -0.012467 -0.000609 0.006779 -0.004055 0.008094 0.005710
0.010341 -0.003604 -0.092991 0.017972 0.132441 0.020323 -0.012301 -0.003303 0.004757 0.013590 0.010845 0.013837
0.011581 0.002859 -0.053581 -0.001828 0.020323 0.112084 0.016023 -0.008222 -0.000017 0.002532 0.006414 0.010147
0.004818 -0.001333 -0.023814 -0.012467 -0.012301 0.016023 0.187056 0.008552 -0.014172 -0.036790 0.001783 0.013540
0.011033 0.011204 -0.009675 -0.000609 -0.003303 -0.008222 0.008552 0.191167 0.010237 -0.061664 -0.002067 0.007421
-0.000199 -0.000323 -0.007291 0.006779 0.004757 -0.000017 -0.014172 0.010237 0.101249 0.000802 -0.002802 -0.003653
-0.025076 -0.003913 -0.004128 -0.004055 0.013590 0.002532 -0.036790 -0.061664 0.000802 0.367697 -0.004630 -0.032087
-0.002665 0.002226 -0.010262 0.008094 0.010845 0.006414 0.001783 -0.002067 -0.002802 -0.004630 0.080895 0.013186
0.019837 -0.003249 -0.061325 0.005710 0.013837 0.010147 0.013540 0.007421 -0.003653 -0.032087 0.013186 0.120766
0.099356 0.026030 -0.001376 -0.078568 0.012115 0.024353 0.021355 0.009666 0.013317 0.003438 -0.018371 0.015927
0.026030 0.193368 0.016661 -0.155897 0.003076 0.013628 0.029593 0.011197 0.020159 -0.001548 -0.030756 -0.009569
-0.001376 0.016661 0.110045 -0.036582 0.001960 0.002030 0.004888 0.002231 0.009030 -0.001687 0.006823 0.003035
-0.078568 -0.155897 -0.036582 0.927080 -0.048747 -0.127966 -0.124555 -0.023908 -0.063252 0.017367 0.012274 -0.021218
0.012115 0.003076 0.001960 -0.048747 0.101896 0.021977 -0.007615 0.002230 0.001889 0.001129 0.008680 0.009326
0.024353 0.013628 0.002030 -0.127966 0.021977 0.145468 0.018193 -0.001297 -0.000338 0.005845 0.023793 0.017329
0.021355 0.029593 0.004888 -0.124555 -0.007615 0.018193 0.224763 0.011377 -0.017010 -0.006996 -0.008410 0.011999
0.009666 0.011197 0.002231 -0.023908 0.002230 -0.001297 0.011377 0.072915 0.009849 -0.001786 -0.011258 0.003895
0.013317 0.020159 0.009030 -0.063252 0.001889 -0.000338 -0.017010 0.009849 0.216582 0.007043 -0.048590 -0.006980
0.003438 -0.001548 -0.001687 0.017367 0.001129 0.005845 -0.006996 -0.001786 0.007043 0.073928 0.003520 -0.000615
-0.018371 -0.030756 0.006823 0.012274 0.008680 0.023793 -0.008410 -0.011258 -0.048590 0.003520 0.298424 0.001448
0.015927 -0.009569 0.003035 -0.021218 0.009326 0.017329 0.011999 0.003895 -0.006980 -0.000615 0.001448 0.106827
0.121734 0.014022 -0.002415 0.006813 -0.023158 0.009763 0.012785 0.010605 0.003522 -0.000056 0.001355 -0.002678
0.014022 0.065839 0.024858 0.003228 -0.037432 0.009085 0.004665 0.016248 0.004965 0.014914 0.005130 -0.016340
-0.002415 0.024858 0.180392 0.009888 -0.112167 0.002740 0.016552 0.022773 0.006023 0.016632 0.002031 -0.030459
0.006813 0.003228 0.009888 0.103807 0.010478 0.007746 0.007572 0.009667 0.002285 0.008188 0.000103 0.002035
-0.023158 -0.037432 -0.112167 0.010478 0.827492 -0.024170 -0.074880 -0.092945 0.001912 0.003934 0.013942 0.024099
0.009763 0.009085 0.002740 0.007746 -0.024170 0.127379 0.017894 -0.007641 0.000133 0.004052 0.000600 0.006415
0.012785 0.004665 0.016552 0.007572 -0.074880 0.017894 0.090677 0.023074 -0.000252 -0.002793 0.001139 0.007105
0.010605 0.016248 0.022773 0.009667 -0.092945 -0.007641 0.023074 0.215583 0.012696 -0.014934 -0.009917 -0.006376
0.003522 0.004965 0.006023 0.002285 0.001912 0.000133 -0.000252 0.012696 0.061654 0.013785 -0.001616 -0.011342
-0.000056 0.014914 0.016632 0.008188 0.003934 0.004052 -0.002793 -0.014934 0.013785 0.144118 0.011675 -0.042166
0.001355 0.005130 0.002031 0.000103 0.013942 0.000600 0.001139 -0.009917 -0.001616 0.011675 0.086132 0.003741
-0.002678 -0.016340 -0.030459 0.002035 0.024099 0.006415 0.007105 -0.006376 -0.011342 -0.042166 0.003741 0.356036
0.407727 -0.002139 -0.029845 -0.052733 -0.010950 -0.027976 0.008241 0.023904 -0.021261 -0.027522 -0.071243 -0.005545
-0.002139 0.093975 0.024494 -0.005805 0.001558 -0.026454 0.005131 0.008733 0.007527 0.007275 0.005421 0.002142
-0.029845 0.024494 0.098564 0.033018 0.000847 -0.073343 0.006109 0.013862 0.014897 0.010449 0.012866 0.001603
-0.052733 -0.005805 0.033018 0.253774 0.017873 -0.179348 -0.003435 0.008030 0.033016 0.018196 0.024960 0.000992
-0.010950 0.001558 0.000847 0.017873 0.100909 -0.022602 0.001874 -0.004131 0.002816 0.006897 0.009750 -0.000091
-0.027976 -0.026454 -0.073343 -0.179348 -0.022602 0.914285 -0.033387 -0.120194 -0.120277 -0.020732 -0.032867 -0.004745
0.008241 0.005131 0.006109 -0.003435 0.001874 -0.033387 0.075051 0.013242 -0.011866 -0.001854 0.001975 0.000932
0.023904 0.008733 0.013862 0.008030 -0.004131 -0.120194 0.013242 0.129790 0.011062 -0.004948 -0.011268 0.005509
-0.021261 0.007527 0.014897 0.033016 0.002816 -0.120277 -0.011866 0.011062 0.223909 0.010754 -0.022017 -0.002721
-0.027522 0.007275 0.010449 0.018196 0.006897 -0.020732 -0.001854 -0.004948 0.010754 0.086226 0.013999 0.001040
-0.071243 0.005421 0.012866 0.024960 0.009750 -0.032867 0.001975 -0.011268 -0.022017 0.013999 0.186381 0.015663
-0.005545 0.002142 0.001603 0.000992 -0.000091 -0.004745 0.000932 0.005509 -0.002721 0.001040 0.015663 0.086600
0.088911 0.009634 0.005273 0.006506 0.008263 0.004592 -0.006976 0.003162 0.013549 0.009280 0.002395 0.015405
0.009634 0.319512 -0.002800 -0.019715 -0.066914 -0.004895 0.064237 0.007896 0.010891 0.004296 -0.012194 -0.048356
0.005273 -0.002800 0.135247 0.009129 -0.021455 0.001017 -0.050364 0.010235 0.011130 0.009905 0.008240 -0.008215
0.006506 -0.019715 0.009129 0.054741 0.031141 0.003300 -0.037343 0.002970 0.008453 0.011950 0.003881 0.012225
0.008263 -0.066914 -0.021455 0.031141 0.378655 0.006790 -0.217508 -0.007597 0.018232 0.030875 0.015535 0.043185
0.004592 -0.004895 0.001017 0.003300 0.006790 0.098375 -0.021702 -0.000658 0.002906 0.003008 0.004352 0.015445
-0.006976 0.064237 -0.050364 -0.037343 -0.217508 -0.021702 0.832659 -0.023064 -0.078102 -0.083264 -0.010674 -0.033045
0.003162 0.007896 0.010235 0.002970 -0.007597 -0.000658 -0.023064 0.072227 0.008013 -0.006174 0.001435 -0.001393
0.013549 0.010891 0.011130 0.008453 0.018232 0.002906 -0.078102 0.008013 0.087820 0.013293 0.002433 0.002166
0.009280 0.004296 0.009905 0.011950 0.030875 0.003008 -0.083264 -0.006174 0.013293 0.173428 0.014232 -0.007161
0.002395 -0.012194 0.008240 0.003881 0.015535 0.004352 -0.010674 0.001435 0.002433 0.014232 0.065457 0.015457
0.015405 -0.048356 -0.008215 0.012225 0.043185 0.015445 -0.033045 -0.001393 0.002166 -0.007161 0.015457 0.182018
0.169115 0.012586 -0.062284 0.000543 0.012433 0.016275 0.006804 -0.026133 0.002468 -0.002651 -0.026642 0.012328
0.012586 0.094353 0.005785 0.001010 0.000774 0.011470 0.000293 -0.023923 0.004879 0.009142 -0.002030 -0.000455
-0.062284 0.005785 0.386363 -0.007380 -0.033709 -0.043146 -0.001300 0.074815 -0.010625 -0.006855 -0.033931 -0.019779
0.000543 0.001010 -0.007380 0.112439 0.021947 -0.011110 0.001526 -0.039681 0.013878 0.012454 0.005113 0.005578
0.012433 0.000774 -0.033709 0.021947 0.115486 0.015659 -0.005395 -0.070952 0.009607 0.013855 0.008946 0.009843
0.016275 0.011470 -0.043146 -0.011110 0.015659 0.244056 0.002731 -0.164122 -0.003338 0.013104 0.039599 0.009385
0.006804 0.000293 -0.001300 0.001526 -0.005395 0.002731 0.104324 -0.045138 0.002621 -0.000781 0.001631 0.004580
-0.026133 -0.023923 0.074815 -0.039681 -0.070952 -0.164122 -0.045138 0.813317 -0.055905 -0.100573 -0.155078 -0.025824
0.002468 0.004879 -0.010625 0.013878 0.009607 -0.003338 0.002621 -0.055905 0.096247 0.013055 -0.017284 0.002443
-0.002651 0.009142 -0.006855 0.012454 0.013855 0.013104 -0.000781 -0.100573 0.013055 0.113488 0.011383 0.001947
-0.026642 -0.002030 -0.033931 0.005113 0.008946 0.039599 0.001631 -0.155078 -0.017284 0.011383 0.269893 0.011594
0.012328 -0.000455 -0.019779 0.005578 0.009843 0.009385 0.004580 -0.025824 0.002443 0.001947 0.011594 0.065705
0.087770 0.029274 0.004265 -0.015948 0.007685 0.014796 0.007234 -0.000831 -0.021753 0.006188 0.003574 0.015496
0.029274 0.162028 0.022940 -0.049181 0.001191 0.011695 0.024896 0.009193 -0.026028 0.007138 0.004681 -0.010638
0.004265 0.022940 0.107313 0.006377 0.002401 0.003586 0.001159 0.002129 -0.015452 0.004665 0.007578 -0.002552
-0.015948 -0.049181 0.006377 0.379424 0.012298 -0.026305 -0.049341 -0.005119 -0.008352 0.006346 0.004993 -0.001592
0.007685 0.001191 0.002401 0.012298 0.085670 0.018072 -0.001351 0.000224 -0.015556 0.002148 0.008564 0.010178
0.014796 0.011695 0.003586 -0.026305 0.018072 0.105129 0.023536 0.000204 -0.067285 0.004720 0.023118 0.012143
0.007234 0.024896 0.001159 -0.049341 -0.001351 0.023536 0.259177 0.012080 -0.161317 -0.003570 0.013773 0.010963
-0.000831 0.009193 0.002129 -0.005119 0.000224 0.000204 0.012080 0.085579 -0.032194 0.002895 0.001282 0.002857
-0.021753 -0.026028 -0.015452 -0.008352 -0.015556 -0.067285 -0.161317 -0.032194 0.808370 -0.033212 -0.100943 -0.082777
0.006188 0.007138 0.004665 0.006346 0.002148 0.004720 -0.003570 0.002895 -0.033212 0.063396 0.010947 -0.005168
0.003574 0.004681 0.007578 0.004993 0.008564 0.023118 0.013773 0.001282 -0.100943 0.010947 0.122493 0.012946
0.015496 -0.010638 -0.002552 -0.001592 0.010178 0.012143 0.010963 0.002857 -0.082777 -0.005168 0.012946 0.176913
0.189234 0.025634 -0.009252 0.000052 -0.014552 0.014732 0.014115 0.023015 0.002568 -0.077050 -0.018692 0.023625
0.025634 0.088800 0.027803 0.009161 -0.022549 0.007280 0.004718 0.006120 0.006319 -0.034183 -0.000267 0.005279
-0.009252 0.027803 0.194077 0.049577 -0.041993 0.003029 0.004750 0.018246 0.001903 -0.043317 -0.002198 0.003916
0.000052 0.009161 0.049577 0.136479 0.010172 -0.001394 0.007687 -0.000891 -0.001668 -0.029911 0.008765 0.014481
-0.014552 -0.022549 -0.041993 0.010172 0.323282 -0.006598 -0.012886 -0.026240 -0.002977 0.023120 -0.013559 -0.006927
0.014732 0.007280 0.003029 -0.001394 -0.006598 0.134363 0.011819 -0.004118 -0.001077 -0.051464 0.024320 0.006971
0.014115 0.004718 0.004750 0.007687 -0.012886 0.011819 0.053083 0.011386 0.001113 -0.036779 0.004175 0.010809
0.023015 0.006120 0.018246 -0.000891 -0.026240 -0.004118 0.011386 0.128748 0.003649 -0.094841 -0.005739 0.008987
0.002568 0.006319 0.001903 -0.001668 -0.002977 -0.001077 0.001113 0.003649 0.089539 -0.036923 -0.007588 0.002831
-0.077050 -0.034183 -0.043317 -0.029911 0.023120 -0.051464 -0.036779 -0.094841 -0.036923 0.656806 -0.088772 -0.066839
-0.018692 -0.000267 -0.002198 0.008765 -0.013559 0.024320 0.004175 -0.005739 -0.007588 -0.088772 0.154786 0.011153
0.023625 0.005279 0.003916 0.014481 -0.006927 0.006971 0.010809 0.008987 0.002831 -0.066839 0.011153 0.080794
0.140865 0.017897 -0.003759 -0.009207 0.001281 0.011532 0.015424 0.014899 0.009674 0.000490 -0.105594 0.008490
0.017897 0.182728 0.021055 -0.011404 0.002596 0.004774 0.022091 0.012306 0.022729 0.001592 -0.078632 -0.009914
-0.003759 0.021055 0.097158 0.026029 0.006310 -0.011509 0.009690 0.007867 0.009170 0.004573 -0.021893 0.003483
-0.009207 -0.011404 0.026029 0.218177 0.024897 -0.048472 -0.000855 0.004080 0.022544 0.011662 -0.048868 0.001484
0.001281 0.002596 0.006310 0.024897 0.103748 0.012407 0.003554 0.001247 0.007655 0.002082 -0.011612 -0.000538
0.011532 0.004774 -0.011509 -0.048472 0.012407 0.302229 0.002762 -0.018335 -0.038001 -0.001823 0.029015 0.001165
0.015424 0.022091 0.009690 -0.000855 0.003554 0.002762 0.113372 0.017474 -0.006056 -0.002515 -0.041876 0.007789
0.014899 0.012306 0.007867 0.004080 0.001247 -0.018335 0.017474 0.067870 0.018055 -0.001790 -0.049106 0.003147
0.009674 0.022729 0.009170 0.022544 0.007655 -0.038001 -0.006056 0.018055 0.213949 -0.001502 -0.137234 -0.010012
0.000490 0.001592 0.004573 0.011662 0.002082 -0.001823 -0.002515 -0.001790 -0.001502 0.093850 -0.022914 -0.003417
-0.105594 -0.078632 -0.021893 -0.048868 -0.011612 0.029015 -0.041876 -0.049106 -0.137234 -0.022914 0.648517 -0.018313
0.008490 -0.009914 0.003483 0.001484 -0.000538 0.001165 0.007789 0.003147 -0.010012 -0.003417 -0.018313 0.088413
0.168320 0.014379 -0.014867 -0.001905 0.004491 0.002585 -0.003210 0.018057 0.006751 -0.006666 -0.004007 -0.044073
0.014379 0.085751 0.025552 0.009209 0.005530 0.005973 0.003139 0.006078 0.010411 0.012565 0.004997 -0.047944
-0.014867 0.025552 0.228691 0.026096 -0.004332 0.004990 -0.012272 0.009250 0.014758 0.031911 0.006168 -0.078283
-0.001905 0.009209 0.026096 0.101109 0.036309 0.004031 -0.011025 0.005437 0.004810 0.026711 0.009806 -0.021310
0.004491 0.005530 -0.004332 0.036309 0.185506 0.018708 -0.030729 0.004417 0.011645 0.019757 0.011686 -0.024937
0.002585 0.005973 0.004990 0.004031 0.018708 0.100718 0.015377 0.003357 0.003826 0.000941 0.003028 0.000922
-0.003210 0.003139 -0.012272 -0.011025 -0.030729 0.015377 0.249069 0.006214 -0.010466 -0.018498 0.005700 0.025611
0.018057 0.006078 0.009250 0.005437 0.004417 0.003357 0.006214 0.100138 0.010844 -0.007042 -0.000272 -0.015729
0.006751 0.010411 0.014758 0.004810 0.011645 0.003826 -0.010466 0.010844 0.057424 0.017990 0.002920 -0.026111
-0.006666 0.012565 0.031911 0.026711 0.019757 0.000941 -0.018498 -0.007042 0.017990 0.172830 0.015120 -0.087830
-0.004007 0.004997 0.006168 0.009806 0.011686 0.003028 0.005700 -0.000272 0.002920 0.015120 0.088661 -0.016922
-0.044073 -0.047944 -0.078283 -0.021310 -0.024937 0.000922 0.025611 -0.015729 -0.026111 -0.087830 -0.016922 0.628724
0.703584 -0.014943 -0.104944 -0.161706 -0.026366 -0.047386 0.001852 0.032282 -0.032561 -0.064081 -0.161387 -0.029864
-0.014943 0.083981 0.017671 -0.013143 0.001527 0.001917 0.000959 0.005170 0.003598 0.005663 -0.002674 0.001071
-0.104944 0.017671 0.138635 0.034868 0.004537 -0.001435 0.006965 0.001298 0.011800 0.016103 0.015750 -0.002862
-0.161706 -0.013143 0.034868 0.305101 0.018945 -0.026643 -0.007182 -0.019848 0.018062 0.019800 0.025976 0.002596
-0.026366 0.001527 0.004537 0.018945 0.089150 0.019418 -0.000417 -0.013708 0.009153 0.010808 0.013086 0.004723
-0.047386 0.001917 -0.001435 -0.026643 0.019418 0.207717 0.010154 -0.042367 -0.002039 0.013480 0.028775 0.010991
0.001852 0.000959 0.006965 -0.007182 -0.000417 0.010154 0.103551 0.004747 -0.001750 0.001623 -0.000246 0.000671
0.032282 0.005170 0.001298 -0.019848 -0.013708 -0.042367 0.004747 0.248529 -0.001995 -0.024834 -0.036884 -0.000572
-0.032561 0.003598 0.011800 0.018062 0.009153 -0.002039 -0.001750 -0.001995 0.105222 0.012775 -0.011245 0.000991
-0.064081 0.005663 0.016103 0.019800 0.010808 0.013480 0.001623 -0.024834 0.012775 0.104731 0.013952 -0.003652
-0.161387 -0.002674 0.015750 0.025976 0.013086 0.028775 -0.000246 -0.036884 -0.011245 0.013952 0.213093 0.007193
-0.029864 0.001071 -0.002862 0.002596 0.004723 0.010991 0.000671 -0.000572 0.000991 -0.003652 0.007193 0.084937
0.108143 -0.043142 -0.002174 0.006598 0.014763 0.011081 0.018315 0.002734 -0.014136 0.007404 0.004036 0.018184
-0.043142 0.737647 -0.025794 -0.085979 -0.161559 -0.056412 -0.067035 -0.001178 0.030258 -0.030409 -0.056245 -0.154377
-0.002174 -0.025794 0.116801 0.019353 -0.010924 -0.003948 0.006881 0.004640 -0.000105 0.006852 0.007311 0.001698
0.006598 -0.085979 0.019353 0.151242 0.026739 -0.005219 -0.007125 0.004644 -0.009206 0.008591 0.012355 0.021167
0.014763 -0.161559 -0.010924 0.026739 0.302633 0.024105 -0.025908 -0.008869 -0.010744 0.014227 0.022782 0.031969
0.011081 -0.056412 -0.003948 -0.005219 0.024105 0.115912 0.018720 0.001317 -0.015846 0.003075 0.007916 0.033100
0.018315 -0.067035 0.006881 -0.007125 -0.025908 0.018720 0.235002 0.005132 -0.054071 -0.000999 0.008945 0.022111
0.002734 -0.001178 0.004640 0.004644 -0.008869 0.001317 0.005132 0.074451 -0.002515 -0.001377 0.000103 0.003311
-0.014136 0.030258 -0.000105 -0.009206 -0.010744 -0.015846 -0.054071 -0.002515 0.269697 -0.001028 -0.011330 -0.036143
0.007404 -0.030409 0.006852 0.008591 0.014227 0.003075 -0.000999 -0.001377 -0.001028 0.083437 0.010297 -0.006794
0.004036 -0.056245 0.007311 0.012355 0.022782 0.007916 0.008945 0.000103 -0.011330 0.010297 0.060400 0.023069
0.018184 -0.154377 0.001698 0.021167 0.031969 0.033100 0.022111 0.003311 -0.036143 -0.006794 0.023069 0.200300
0.202100 0.008940 -0.157523 -0.003675 0.010932 0.027155 0.009706 0.019408 -0.001554 -0.031318 -0.008342 0.023364
0.008940 0.121434 -0.009509 -0.001561 -0.005780 -0.003903 0.004607 0.009062 0.002896 -0.005803 0.001404 0.000266
-0.157523 -0.009509 0.803972 -0.028929 -0.099090 -0.128718 -0.016306 -0.033071 0.002773 0.008152 -0.019011 -0.067521
-0.003675 -0.001561 -0.028929 0.153104 0.016814 -0.020715 -0.002165 -0.003504 -0.000975 0.007022 0.014610 0.020057
0.010932 -0.005780 -0.099090 0.016814 0.118697 0.021483 -0.002650 -0.008525 -0.001320 0.009779 0.014998 0.013483
0.027155 -0.003903 -0.128718 -0.020715 0.021483 0.256068 0.009456 -0.024931 -0.009195 -0.011897 0.006929 0.015623
0.009706 0.004607 -0.016306 -0.002165 -0.002650 0.009456 0.075567 0.014730 -0.002233 -0.012683 0.006575 0.007909
0.019408 0.009062 -0.033071 -0.003504 -0.008525 -0.024931 0.014730 0.194013 0.007745 -0.046722 -0.002329 0.009755
-0.001554 0.002896 0.002773 -0.000975 -0.001320 -0.009195 -0.002233 0.007745 0.084416 0.008257 -0.005687 -0.001677
-0.031318 -0.005803 0.008152 0.007022 0.009779 -0.011897 -0.012683 -0.046722 0.008257 0.293425 -0.011197 -0.016166
-0.008342 0.001404 -0.019011 0.014610 0.014998 0.006929 0.006575 -0.002329 -0.005687 -0.011197 0.109959 0.017963
0.023364 0.000266 -0.067521 0.020057 0.013483 0.015623 0.007909 0.009755 -0.001677 -0.016166 0.017963 0.081977
