1.193836 0.022758 0.005828 0.008680 0.017421 0.063495 0.019960 0.028333 0.014121 0.012915 0.002636 0.026418 0.216158 0.012302 0.010548 0.010998 0.072957 0.078718 0.012509 0.086761 0.015633 0.039516 0.012943 0.012781
0.022758 1.135778 0.036202 0.010916 0.017379 0.021495 0.030509 0.022394 0.025993 0.020717 0.017277 0.013158 0.024216 0.121055 0.032534 0.021024 0.026216 0.050307 0.037567 0.027473 0.054023 0.025430 0.029117 0.021545
0.005828 0.036202 1.135510 0.024406 0.014099 0.015704 0.023124 0.051226 0.024513 0.023046 0.028374 0.015787 0.019120 0.033710 0.126625 0.020858 0.020008 0.028426 0.039846 0.077763 0.022443 0.047148 0.034997 0.039016
0.008680 0.010916 0.024406 1.152935 0.023305 0.002583 0.014406 0.013391 0.026833 0.021214 0.034634 0.026098 0.022300 0.032036 0.017872 0.145450 0.014519 0.019101 0.028513 0.041372 0.037130 0.019493 0.072514 0.025452
0.017421 0.017379 0.014099 0.023305 1.094304 0.021908 0.012660 0.009986 0.016897 0.017342 0.018405 0.022570 0.026979 0.022106 0.022165 0.019620 0.082390 0.018919 0.023720 0.021316 0.032497 0.023825 0.017585 0.036718
0.063495 0.021495 0.015704 0.002583 0.021908 1.209656 0.023098 0.003164 0.010468 0.017382 0.027523 0.014185 0.115368 0.022827 0.028135 0.011630 0.017697 0.223326 0.014105 0.020814 0.011885 0.077151 0.036918 0.002390
0.019960 0.030509 0.023124 0.014406 0.012660 0.023098 1.112384 0.019098 0.010728 0.014564 0.018146 0.029374 0.025738 0.046572 0.021672 0.025032 0.018867 0.022839 0.101731 0.023698 0.019810 0.023338 0.031769 0.038548
0.028333 0.022394 0.051226 0.013391 0.009986 0.003164 0.019098 1.153431 0.018971 0.009271 0.011787 0.016879 0.041363 0.017523 0.087352 0.011211 0.025578 0.014874 0.017638 0.176219 0.012766 0.023103 0.018805 0.057171
0.014121 0.025993 0.024513 0.026833 0.016897 0.010468 0.010728 0.018971 1.117649 0.021496 0.009018 0.013501 0.051158 0.031856 0.019782 0.050439 0.020425 0.021513 0.020297 0.026779 0.115813 0.019080 0.017214 0.015944
0.012915 0.020717 0.023046 0.021214 0.017342 0.017382 0.014564 0.009271 0.021496 1.069923 0.019906 0.009649 0.024054 0.027137 0.028054 0.022410 0.027942 0.021017 0.020512 0.020002 0.025851 0.058240 0.021522 0.012090
0.002636 0.017277 0.028374 0.034634 0.018405 0.027523 0.018146 0.011787 0.009018 0.019906 1.150682 0.023304 0.015958 0.021828 0.063695 0.040288 0.014971 0.066991 0.017457 0.031351 0.022371 0.023893 0.149100 0.009481
0.026418 0.013158 0.015787 0.026098 0.022570 0.014185 0.029374 0.016879 0.013501 0.009649 0.023304 1.151244 0.015964 0.021935 0.022293 0.054709 0.028068 0.012945 0.062169 0.025146 0.026815 0.024689 0.016731 0.139789
0.216158 0.024216 0.019120 0.022300 0.026979 0.115368 0.025738 0.041363 0.051158 0.024054 0.015958 0.015964 1.646694 -0.002083 0.011071 0.061153 0.156663 0.187170 0.015767 0.191191 0.087619 0.085189 0.021981 -0.010719
0.012302 0.121055 0.033710 0.032036 0.022106 0.022827 0.046572 0.017523 0.031856 0.027137 0.021828 0.021935 -0.002083 1.357249 0.022864 0.042623 0.035169 0.083957 0.096864 0.029287 0.109093 0.053785 0.056945 0.027937
0.010548 0.032534 0.126625 0.017872 0.022165 0.028135 0.021672 0.087352 0.019782 0.028054 0.063695 0.022293 0.011071 0.022864 1.428826 -0.004231 0.022869 0.080803 0.053483 0.192682 0.024489 0.095383 0.136423 0.080350
0.010998 0.021024 0.020858 0.145450 0.019620 0.011630 0.025032 0.011211 0.050439 0.022410 0.040288 0.054709 0.061153 0.042623 -0.004231 1.500774 0.006191 0.021801 0.079467 0.084896 0.132365 0.025910 0.152419 0.107794
0.072957 0.026216 0.020008 0.014519 0.082390 0.017697 0.018867 0.025578 0.020425 0.027942 0.014971 0.028068 0.156663 0.035169 0.022869 0.006191 1.350349 0.006234 0.026394 0.088998 0.062487 0.067619 0.029727 0.077893
0.078718 0.050307 0.028426 0.019101 0.018919 0.223326 0.022839 0.014874 0.021513 0.021017 0.066991 0.012945 0.187170 0.083957 0.080803 0.021801 0.006234 1.587776 0.004888 0.019150 0.055833 0.132340 0.168129 0.008234
0.012509 0.037567 0.039846 0.028513 0.023720 0.014105 0.101731 0.017638 0.020297 0.020512 0.017457 0.062169 0.015767 0.096864 0.053483 0.079467 0.026394 0.004888 1.333162 0.009129 0.026782 0.049004 0.058047 0.120105
0.086761 0.027473 0.077763 0.041372 0.021316 0.020814 0.023698 0.176219 0.026779 0.020002 0.031351 0.025146 0.191191 0.029287 0.192682 0.084896 0.088998 0.019150 0.009129 1.594315 0.010297 0.036120 0.086809 0.114426
0.015633 0.054023 0.022443 0.037130 0.032497 0.011885 0.019810 0.012766 0.115813 0.025851 0.022371 0.026815 0.087619 0.109093 0.024489 0.132365 0.062487 0.055833 0.026782 0.010297 1.429685 0.020302 0.026999 0.057401
0.039516 0.025430 0.047148 0.019493 0.023825 0.077151 0.023338 0.023103 0.019080 0.058240 0.023893 0.024689 0.085189 0.053785 0.095383 0.025910 0.067619 0.132340 0.049004 0.036120 0.020302 1.338930 0.017351 0.026420
0.012943 0.029117 0.034997 0.072514 0.017585 0.036918 0.031769 0.018805 0.017214 0.021522 0.149100 0.016731 0.021981 0.056945 0.136423 0.152419 0.029727 0.168129 0.058047 0.086809 0.026999 0.017351 1.579740 -0.006446
0.012781 0.021545 0.039016 0.025452 0.036718 0.002390 0.038548 0.057171 0.015944 0.012090 0.009481 0.139789 -0.010719 0.027937 0.080350 0.107794 0.077893 0.008234 0.120105 0.114426 0.057401 0.026420 -0.006446 1.449207
1.174271 0.020246 -0.006574 -0.091183 0.008803 0.020206 0.011810 0.019032 0.006765 -0.002284 -0.050430 0.013402 0.127880 0.001600 -0.010917 -0.059955 0.013256 0.010613 0.005955 -0.020850 0.005322 -0.000467 -0.042943 0.001411
0.020246 1.092635 0.017029 -0.077785 0.005994 0.012108 0.011069 0.007394 0.009707 0.004529 -0.016474 0.001356 0.011553 0.060937 0.000922 -0.058090 0.006585 0.013352 0.009015 -0.029369 0.022551 0.004578 -0.027978 0.004295
-0.006574 0.017029 1.135114 -0.027540 0.003620 -0.002643 0.005348 0.013968 0.011559 0.002468 -0.010684 0.001597 -0.001908 0.002818 0.063973 -0.040380 0.002347 0.005992 0.005072 -0.013046 0.005613 0.008872 -0.014935 0.006639
-0.091183 -0.077785 -0.027540 1.858881 -0.023827 -0.118912 -0.057562 -0.046286 -0.005239 0.013468 0.013868 -0.017736 -0.116350 -0.055402 -0.049985 0.456436 -0.054446 -0.132447 -0.049137 0.108586 -0.069159 -0.021286 0.050949 -0.032254
0.008803 0.005994 0.003620 -0.023827 1.090777 0.015257 0.000186 -0.008064 0.004853 0.002763 -0.001090 0.006358 0.005135 0.004531 -0.001220 -0.029803 0.048300 0.002094 0.002926 -0.025041 0.009130 0.003896 -0.017632 0.010786
0.020206 0.012108 -0.002643 -0.118912 0.015257 1.150402 0.020784 -0.014613 -0.004444 0.002721 0.007040 0.011518 0.037952 0.004213 0.001158 -0.091459 0.013090 0.103879 0.009007 -0.058172 0.008860 0.017154 -0.019199 0.005113
0.011810 0.011069 0.005348 -0.057562 0.000186 0.020784 1.087267 0.015962 -0.002821 -0.001743 -0.005526 0.005712 0.003686 0.012530 0.002287 -0.040071 0.005044 0.004561 0.053532 -0.021366 0.004774 0.004399 -0.019438 0.005510
0.019032 0.007394 0.013968 -0.046286 -0.008064 -0.014613 0.015962 1.198249 0.006717 -0.015667 -0.035989 0.004621 0.008528 -0.001706 0.027389 -0.040011 -0.003986 -0.004581 0.001260 0.105786 -0.010029 -0.010994 -0.017070 0.008716
0.006765 0.009707 0.011559 -0.005239 0.004853 -0.004444 -0.002821 0.006717 1.141025 0.013161 -0.049684 0.002647 0.024644 0.008968 -0.010303 -0.033529 0.003851 -0.005247 0.002469 -0.044375 0.113208 0.005359 -0.057249 0.003884
-0.002284 0.004529 0.002468 0.013468 0.002763 0.002721 -0.001743 -0.015667 0.013161 1.096175 -0.007596 -0.001318 -0.000949 0.005420 -0.000574 -0.011693 0.002268 0.002293 0.002319 -0.024843 0.006918 0.055375 -0.020170 -0.000255
-0.050430 -0.016474 -0.010684 0.013868 -0.001090 0.007040 -0.005526 -0.035989 -0.049684 -0.007596 1.381960 -0.004099 -0.059023 -0.023396 0.030142 0.007720 -0.008361 0.023766 -0.008177 0.018480 -0.050577 -0.020879 0.171513 -0.021070
0.013402 0.001356 0.001597 -0.017736 0.006358 0.011518 0.005712 0.004621 0.002647 -0.001318 -0.004099 1.069596 0.006056 -0.000686 -0.002490 -0.023882 0.007894 0.005272 0.003016 -0.014084 0.007826 0.000608 -0.014742 0.040147
0.127880 0.011553 -0.001908 -0.116350 0.005135 0.037952 0.003686 0.008528 0.024644 -0.000949 -0.059023 0.006056 1.482292 -0.033816 -0.059667 -0.161948 0.023434 0.074926 -0.000753 -0.092108 0.068258 0.017584 -0.212288 -0.009325
0.001600 0.060937 0.002818 -0.055402 0.004531 0.004213 0.012530 -0.001706 0.008968 0.005420 -0.023396 -0.000686 -0.033816 1.344232 -0.055416 -0.142204 0.006811 0.011397 0.030898 -0.077177 0.063679 0.009313 -0.097825 -0.000749
-0.010917 0.000922 0.063973 -0.049985 -0.001220 0.001158 0.002287 0.027389 -0.010303 -0.000574 0.030142 -0.002490 -0.059667 -0.055416 1.370465 -0.253068 -0.014450 0.041333 -0.000955 0.056092 -0.045783 0.021622 0.056486 -0.004036
-0.059955 -0.058090 -0.040380 0.456436 -0.029803 -0.091459 -0.040071 -0.040011 -0.033529 -0.011693 0.007720 -0.023882 -0.161948 -0.142204 -0.253068 2.169554 -0.099702 -0.312293 -0.088994 0.272643 -0.091153 -0.095508 0.206640 -0.063047
0.013256 0.006585 0.002347 -0.054446 0.048300 0.013090 0.005044 -0.003986 0.003851 0.002268 -0.008361 0.007894 0.023434 0.006811 -0.014450 -0.099702 1.123753 -0.013397 0.005110 -0.060713 0.016595 0.017858 -0.048961 0.022418
0.010613 0.013352 0.005992 -0.132447 0.002094 0.103879 0.004561 -0.004581 -0.005247 0.002293 0.023766 0.005272 0.074926 0.011397 0.041333 -0.312293 -0.013397 1.525489 -0.033790 -0.219153 0.002811 0.047092 0.050760 -0.011719
0.005955 0.009015 0.005072 -0.049137 0.002926 0.009007 0.053532 0.001260 0.002469 0.002319 -0.008177 0.003016 -0.000753 0.030898 -0.000955 -0.088994 0.005110 -0.033790 1.182316 -0.095331 0.001536 0.009642 -0.046964 0.012556
-0.020850 -0.029369 -0.013046 0.108586 -0.025041 -0.058172 -0.021366 0.105786 -0.044375 -0.024843 0.018480 -0.014084 -0.092108 -0.077177 0.056092 0.272643 -0.060713 -0.219153 -0.095331 1.847138 -0.201146 -0.103819 0.076864 -0.018800
0.005322 0.022551 0.005613 -0.069159 0.009130 0.008860 0.004774 -0.010029 0.113208 0.006918 -0.050577 0.007826 0.068258 0.063679 -0.045783 -0.091153 0.016595 0.002811 0.001536 -0.201146 1.398207 -0.008799 -0.189389 0.014377
-0.000467 0.004578 0.008872 -0.021286 0.003896 0.017154 0.004399 -0.010994 0.005359 0.055375 -0.020879 0.000608 0.017584 0.009313 0.021622 -0.095508 0.017858 0.047092 0.009642 -0.103819 -0.008799 1.191443 -0.105717 0.000209
-0.042943 -0.027978 -0.014935 0.050949 -0.017632 -0.019199 -0.019438 -0.017070 -0.057249 -0.020170 0.171513 -0.014742 -0.212288 -0.097825 0.056486 0.206640 -0.048961 0.050760 -0.046964 0.076864 -0.189389 -0.105717 1.723127 -0.089204
0.001411 0.004295 0.006639 -0.032254 0.010786 0.005113 0.005510 0.008716 0.003884 -0.000255 -0.021070 0.040147 -0.009325 -0.000749 -0.004036 -0.063047 0.022418 -0.011719 0.012556 -0.018800 0.014377 0.000209 -0.089204 1.135856
1.092168 0.025742 0.005791 0.001770 -0.022718 0.015113 0.011103 0.008987 0.001264 0.006420 -0.000179 -0.006646 0.065661 0.006401 0.001212 0.002354 -0.044685 0.026596 0.000164 0.007137 -0.036166 0.020398 0.001406 -0.038202
0.025742 1.128843 0.021199 0.000452 -0.072476 0.008958 0.020044 0.012794 0.007941 0.008732 -0.000128 -0.032662 0.016893 0.085759 0.003707 -0.001174 -0.053079 0.012495 0.016854 0.011156 -0.037830 0.007829 0.007861 -0.034185
0.005791 0.021199 1.080584 0.014878 -0.067275 0.006526 0.010771 0.009599 0.007810 0.012159 0.005707 -0.010161 0.005938 0.018059 0.045790 -0.000730 -0.047018 0.008073 0.006526 0.010650 -0.027100 0.019505 0.003523 -0.017588
0.001770 0.000452 0.014878 1.153636 -0.026787 -0.004814 -0.004971 0.004759 0.004924 0.004312 0.006161 -0.007136 0.004079 0.002197 0.002001 0.082526 -0.051548 -0.001979 0.001111 0.011346 -0.027780 0.001623 0.017458 -0.018640
-0.022718 -0.072476 -0.067275 -0.026787 1.899201 -0.050901 -0.108705 -0.039685 -0.034621 -0.016279 -0.000251 0.029995 -0.055272 -0.135851 -0.038867 -0.073104 0.471546 -0.079559 -0.093744 -0.062230 0.145015 -0.081035 -0.045853 0.074397
0.015113 0.008958 0.006526 -0.004814 -0.050901 1.126669 0.016360 0.002400 -0.009507 0.001391 0.010798 -0.003904 0.033489 -0.002528 0.020043 0.011737 -0.079309 0.084164 -0.007725 0.014363 -0.058621 0.025352 0.015707 -0.043007
0.011103 0.020044 0.010771 -0.004971 -0.108705 0.016360 1.143304 0.011766 -0.014180 -0.001207 0.002345 0.001378 0.006881 0.038459 0.004109 0.007633 -0.080065 0.010372 0.101543 0.004711 -0.051647 0.007371 0.011196 -0.008792
0.008987 0.012794 0.009599 0.004759 -0.039685 0.002400 0.011766 1.059182 0.012035 -0.000944 0.000929 -0.004359 0.008843 0.004141 0.012565 -0.001081 -0.027080 0.009108 0.002849 0.038990 -0.020204 0.006195 0.002265 -0.017307
0.001264 0.007941 0.007810 0.004924 -0.034621 -0.009507 -0.014180 0.012035 1.172740 0.008263 -0.008424 -0.029049 -0.000210 0.004257 0.007737 0.005057 -0.019908 -0.010256 -0.007628 -0.003535 0.097978 -0.004844 -0.009778 -0.020420
0.006420 0.008732 0.012159 0.004312 -0.016279 0.001391 -0.001207 -0.000944 0.008263 1.141321 0.009251 -0.047536 0.008090 0.037900 -0.000311 -0.005685 -0.033234 0.004521 0.002264 0.005377 -0.038110 0.108848 0.003138 -0.055896
-0.000179 -0.000128 0.005707 0.006161 -0.000251 0.010798 0.002345 0.000929 -0.008424 0.009251 1.103428 -0.011606 0.000319 -0.002259 0.011060 0.004602 -0.026203 0.010649 -0.005577 0.012433 -0.028281 0.004023 0.066151 -0.026309
-0.006646 -0.032662 -0.010161 -0.007136 0.029995 -0.003904 0.001378 -0.004359 -0.029049 -0.047536 -0.011606 1.380559 -0.029521 -0.040245 -0.005454 -0.005469 0.035287 -0.012454 0.008626 -0.014494 0.034270 -0.040006 -0.024565 0.169425
0.065661 0.016893 0.005938 0.004079 -0.055272 0.033489 0.006881 0.008843 -0.000210 0.008090 0.000319 -0.029521 1.210678 -0.013592 -0.004580 0.012991 -0.104212 0.064201 -0.018766 0.019134 -0.063110 0.040148 0.000974 -0.135683
0.006401 0.085759 0.018059 0.002197 -0.135851 -0.002528 0.038459 0.004141 0.004257 0.037900 -0.002259 -0.040245 -0.013592 1.441668 -0.033098 -0.047608 -0.146103 0.009584 0.067213 0.005037 -0.063202 0.059768 0.013021 -0.175553
0.001212 0.003707 0.045790 0.002001 -0.038867 0.020043 0.004109 0.012565 0.007737 -0.000311 0.011060 -0.005454 -0.004580 -0.033098 1.344619 -0.058035 -0.158394 0.037060 -0.001639 0.030882 -0.077141 0.049238 0.012770 -0.092231
0.002354 -0.001174 -0.000730 0.082526 -0.073104 0.011737 0.007633 -0.001081 0.005057 -0.005685 0.004602 -0.005469 0.012991 -0.047608 -0.058035 1.409342 -0.267469 -0.005188 0.017378 0.016584 -0.016993 -0.011063 0.047389 -0.002667
-0.044685 -0.053079 -0.047018 -0.051548 0.471546 -0.079309 -0.080065 -0.027080 -0.019908 -0.033234 -0.026203 0.035287 -0.104212 -0.146103 -0.158394 -0.267469 2.194759 -0.165274 -0.231487 -0.111839 0.375163 -0.115406 -0.123151 0.224442
0.026596 0.012495 0.008073 -0.001979 -0.079559 0.084164 0.010372 0.009108 -0.010256 0.004521 0.010649 -0.012454 0.064201 0.009584 0.037060 -0.005188 -0.165274 1.192626 -0.033350 0.013315 -0.111656 0.047296 0.028682 -0.081729
0.000164 0.016854 0.006526 0.001111 -0.093744 -0.007725 0.101543 0.002849 -0.007628 0.002264 -0.005577 0.008626 -0.018766 0.067213 -0.001639 0.017378 -0.231487 -0.033350 1.451515 -0.033682 -0.170892 -0.012026 0.025098 0.071495
0.007137 0.011156 0.010650 0.011346 -0.062230 0.014363 0.004711 0.038990 -0.003535 0.005377 0.012433 -0.014494 0.019134 0.005037 0.030882 0.016584 -0.111839 0.013315 -0.033682 1.208620 -0.114166 0.004536 0.027936 -0.073245
-0.036166 -0.037830 -0.027100 -0.027780 0.145015 -0.058621 -0.051647 -0.020204 0.097978 -0.038110 -0.028281 0.034270 -0.063110 -0.063202 -0.077141 -0.016993 0.375163 -0.111656 -0.170892 -0.114166 1.867563 -0.202254 -0.111113 0.085345
0.020398 0.007829 0.019505 0.001623 -0.081035 0.025352 0.007371 0.006195 -0.004844 0.108848 0.004023 -0.040006 0.040148 0.059768 0.049238 -0.011063 -0.115406 0.047296 -0.012026 0.004536 -0.202254 1.393555 -0.011515 -0.188535
0.001406 0.007861 0.003523 0.017458 -0.045853 0.015707 0.011196 0.002265 -0.009778 0.003138 0.066151 -0.024565 0.000974 0.013021 0.012770 0.047389 -0.123151 0.028682 0.025098 0.027936 -0.111113 -0.011515 1.214109 -0.118154
-0.038202 -0.034185 -0.017588 -0.018640 0.074397 -0.043007 -0.008792 -0.017307 -0.020420 -0.055896 -0.026309 0.169425 -0.135683 -0.175553 -0.092231 -0.002667 0.224442 -0.081729 0.071495 -0.073245 0.085345 -0.188535 -0.118154 1.773038
1.419134 -0.004539 -0.057217 -0.031923 -0.010401 0.033302 0.000580 0.004217 -0.001272 -0.042927 -0.059683 -0.010246 0.215482 -0.024499 -0.063236 -0.034008 0.025868 0.021092 -0.007435 0.037244 -0.014399 0.003982 -0.060885 -0.024427
-0.004539 1.080527 0.025080 0.002016 0.001859 -0.025864 0.006804 0.010453 0.006563 0.004434 0.005822 0.002835 -0.019954 0.042418 0.008097 0.003626 -0.002855 -0.031987 0.011026 0.001668 0.004800 -0.018600 0.009557 0.001304
-0.057217 0.025080 1.172577 0.023653 -0.005353 -0.105563 0.007299 0.026094 0.013442 0.012207 0.007579 -0.002059 -0.047960 0.007207 0.109481 0.006892 -0.010652 -0.062112 0.015348 0.014874 0.007604 -0.025932 0.014286 0.003863
-0.031923 0.002016 0.023653 1.130415 0.013278 -0.104015 0.000831 0.009879 0.010842 0.005554 0.014697 0.004277 -0.040800 0.003463 0.010521 0.089143 -0.005682 -0.082420 0.006434 0.015369 0.009518 -0.040628 0.034926 0.005372
-0.010401 0.001859 -0.005353 0.013278 1.126365 -0.041546 0.001859 -0.006014 0.004908 0.009850 0.007196 0.003003 -0.013671 0.003181 0.002098 0.002178 0.067953 -0.053552 0.002729 0.002961 0.006903 -0.010814 0.002393 0.009608
0.033302 -0.025864 -0.105563 -0.104015 -0.041546 1.946771 -0.033444 -0.136220 -0.054269 -0.050146 -0.014188 -0.005648 0.049537 -0.032631 -0.111334 -0.073255 -0.066999 0.486320 -0.052985 -0.148790 -0.049371 0.110445 -0.077911 -0.029373
0.000580 0.006804 0.007299 0.000831 0.001859 -0.033444 1.080905 0.011282 -0.001122 -0.008225 0.002913 0.001394 -0.018893 0.011153 0.007944 0.002108 -0.000803 -0.030284 0.046750 0.003126 0.002255 -0.022194 0.008163 0.004705
0.004217 0.010453 0.026094 0.009879 -0.006014 -0.136220 0.011282 1.164760 0.012623 -0.020116 -0.006401 0.004204 -0.009845 0.003517 0.037042 -0.001886 0.002831 -0.090566 0.008032 0.112618 0.001401 -0.052252 0.006724 0.016009
-0.001272 0.006563 0.013442 0.010842 0.004908 -0.054269 -0.001122 0.012623 1.073194 0.013937 -0.003473 0.002257 -0.008400 0.005215 0.004867 0.011289 -0.000699 -0.035722 0.004161 0.007745 0.045931 -0.018610 -0.000937 0.000824
-0.042927 0.004434 0.012207 0.005554 0.009850 -0.050146 -0.008225 -0.020116 0.013937 1.197244 0.002512 -0.012199 -0.011696 0.007306 0.004384 0.008273 0.014999 -0.038085 -0.003403 -0.005826 -0.000644 0.097563 -0.011153 -0.014560
-0.059683 0.005822 0.007579 0.014697 0.007196 -0.014188 0.002913 -0.006401 -0.003473 0.002512 1.152295 0.012795 -0.061197 0.005318 0.028572 0.009046 -0.014097 -0.037576 0.003790 -0.010602 0.002165 -0.036341 0.113569 0.002154
-0.010246 0.002835 -0.002059 0.004277 0.003003 -0.005648 0.001394 0.004204 0.002257 -0.012199 0.012795 1.086986 -0.025584 0.001413 0.000723 0.006914 -0.002818 -0.021436 0.004213 0.003116 0.006460 -0.028646 0.007605 0.049811
0.215482 -0.019954 -0.047960 -0.040800 -0.013671 0.049537 -0.018893 -0.009845 -0.008400 -0.011696 -0.061197 -0.025584 1.733570 -0.094789 -0.200298 -0.102024 0.039604 0.222611 -0.050908 0.066227 -0.051932 0.068055 -0.194259 -0.092837
-0.024499 0.042418 0.007207 0.003463 0.003181 -0.032631 0.011153 0.003517 0.005215 0.007306 0.005318 0.001413 -0.094789 1.138107 -0.010947 -0.000632 0.001133 -0.071063 0.025027 -0.009512 0.019990 -0.020716 0.010760 0.001511
-0.063236 0.008097 0.109481 0.010521 0.002098 -0.111334 0.007944 0.037042 0.004867 0.004384 0.028572 0.000723 -0.200298 -0.010947 1.450056 -0.036646 -0.043615 -0.161844 0.026407 0.062566 0.000422 -0.074349 0.079965 0.006403
-0.034008 0.003626 0.006892 0.089143 0.002178 -0.073255 0.002108 -0.001886 0.011289 0.008273 0.009046 0.006914 -0.102024 -0.000632 -0.036646 1.361938 -0.054719 -0.177624 0.007453 0.017904 0.024412 -0.067583 0.051799 0.008753
0.025868 -0.002855 -0.010652 -0.005682 0.067953 -0.066999 -0.000803 0.002831 -0.000699 0.014999 -0.014097 -0.002818 0.039604 0.001133 -0.043615 -0.054719 1.346642 -0.241721 -0.012983 0.040321 -0.003538 0.043662 -0.035554 0.014100
0.021092 -0.031987 -0.062112 -0.082420 -0.053552 0.486320 -0.030284 -0.090566 -0.035722 -0.038085 -0.037576 -0.021436 0.222611 -0.071063 -0.161844 -0.177624 -0.241721 2.211448 -0.103603 -0.311406 -0.094179 0.262758 -0.097609 -0.081101
-0.007435 0.011026 0.015348 0.006434 0.002729 -0.052985 0.046750 0.008032 0.004161 -0.003403 0.003790 0.004213 -0.050908 0.025027 0.026407 0.007453 -0.012983 -0.103603 1.118854 -0.014305 0.007201 -0.056087 0.013138 0.018641
0.037244 0.001668 0.014874 0.015369 0.002961 -0.148790 0.003126 0.112618 0.007745 -0.005826 -0.010602 0.003116 0.066227 -0.009512 0.062566 0.017904 0.040321 -0.311406 -0.014305 1.486257 -0.031152 -0.197192 -0.003478 0.029990
-0.014399 0.004800 0.007604 0.009518 0.006903 -0.049371 0.002255 0.001401 0.045931 -0.000644 0.002165 0.006460 -0.051932 0.019990 0.000422 0.024412 -0.003538 -0.094179 0.007201 -0.031152 1.203221 -0.101777 -0.006290 0.008664
0.003982 -0.018600 -0.025932 -0.040628 -0.010814 0.110445 -0.022194 -0.052252 -0.018610 0.097563 -0.036341 -0.028646 0.068055 -0.020716 -0.074349 -0.067583 0.043662 0.262758 -0.056087 -0.197192 -0.101777 1.828042 -0.192137 -0.088184
-0.060885 0.009557 0.014286 0.034926 0.002393 -0.077911 0.008163 0.006724 -0.000937 -0.011153 0.113569 0.007605 -0.194259 0.010760 0.079965 0.051799 -0.035554 -0.097609 0.013138 -0.003478 -0.006290 -0.192137 1.431112 -0.010373
-0.024427 0.001304 0.003863 0.005372 0.009608 -0.029373 0.004705 0.016009 0.000824 -0.014560 0.002154 0.049811 -0.092837 0.001511 0.006403 0.008753 0.014100 -0.081101 0.018641 0.029990 0.008664 -0.088184 -0.010373 1.159529
1.099232 0.008029 0.004721 -0.000203 0.000435 0.004191 -0.016077 0.005394 0.008410 0.005202 -0.007080 0.017073 0.056803 -0.020231 0.000688 -0.002866 0.001789 0.004653 -0.022144 0.000169 0.006684 0.005608 -0.033797 0.012143
0.008029 1.326367 0.012700 -0.031846 -0.024563 -0.006765 0.014425 0.004691 0.004502 -0.000519 -0.020580 -0.035100 -0.005270 0.131332 -0.012423 -0.038429 -0.005406 0.009204 0.010609 -0.011718 -0.001984 -0.001431 0.027506 -0.033344
0.004721 0.012700 1.096228 0.018760 -0.001538 -0.000545 -0.044796 0.013819 0.014869 0.006216 0.003136 0.002342 0.012179 -0.029902 0.043349 0.011399 -0.001293 0.003786 -0.063725 0.012799 0.003471 0.009429 -0.029668 0.015855
-0.000203 -0.031846 0.018760 1.150080 0.025181 -0.007231 -0.086666 0.006874 0.012962 0.009751 0.010673 0.010864 0.001531 -0.040177 0.008280 0.101576 0.002331 -0.006555 -0.068394 0.013791 0.003088 0.002930 -0.027960 0.021002
0.000435 -0.024563 -0.001538 0.025181 1.147686 0.014139 -0.106779 0.006247 0.011970 0.007899 0.007012 0.009764 0.009065 -0.041792 0.008255 0.006825 0.093759 -0.003394 -0.098292 0.009466 0.011421 0.006847 -0.051106 0.034768
0.004191 -0.006765 -0.000545 -0.007231 0.014139 1.120827 -0.039026 -0.002850 0.001406 0.003435 -0.000295 0.011085 0.007124 -0.000517 -0.002934 0.000074 0.005045 0.065150 -0.038495 -0.001827 0.007032 0.007362 -0.020204 0.005434
-0.016077 0.014425 -0.044796 -0.086666 -0.106779 -0.039026 1.881979 -0.069513 -0.100937 -0.049408 -0.065077 -0.031622 -0.061021 0.136029 -0.045535 -0.080633 -0.081444 -0.031530 0.532728 -0.080769 -0.060459 -0.076975 0.147280 -0.101898
0.005394 0.004691 0.013819 0.006874 0.006247 -0.002850 -0.069513 1.105447 0.016620 0.001158 -0.004685 0.009532 0.012292 -0.043161 0.011240 0.004659 0.010060 0.001170 -0.085460 0.064769 0.001035 0.009700 -0.056187 0.017094
0.008410 0.004502 0.014869 0.012962 0.011970 0.001406 -0.100937 0.016620 1.111552 0.013003 -0.007259 0.002228 0.017516 -0.033869 0.008125 0.016430 0.007816 0.007683 -0.092244 0.012405 0.067033 0.009281 -0.050437 0.016602
0.005202 -0.000519 0.006216 0.009751 0.007899 0.003435 -0.049408 0.001158 0.013003 1.069324 0.014770 -0.000110 0.004178 -0.017743 0.001722 0.005358 0.006056 0.000865 -0.036566 0.002274 0.003977 0.045086 -0.020347 0.000911
-0.007080 -0.020580 0.003136 0.010673 0.007012 -0.000295 -0.065077 -0.004685 -0.007259 0.014770 1.185663 0.005904 -0.010967 -0.017997 0.001655 0.016054 0.002690 0.006917 -0.034648 -0.001180 -0.008242 -0.000419 0.088424 -0.010624
0.017073 -0.035100 0.002342 0.010864 0.009764 0.011085 -0.031622 0.009532 0.002228 -0.000110 0.005904 1.137249 0.005322 -0.044732 0.002842 0.019431 0.007746 -0.008850 -0.028138 0.007783 -0.000521 -0.000076 -0.044546 0.103973
0.056803 -0.005270 0.012179 0.001531 0.009065 0.007124 -0.061021 0.012292 0.017516 0.004178 -0.010967 0.005322 1.232580 -0.129315 -0.004830 -0.009011 0.013773 0.008209 -0.118347 0.022330 0.015154 0.010280 -0.125651 0.002874
-0.020231 0.131332 -0.029902 -0.040177 -0.041792 -0.000517 0.136029 -0.043161 -0.033869 -0.017743 -0.017997 -0.044732 -0.129315 1.724793 -0.086089 -0.146414 -0.105307 0.040975 0.315246 -0.075283 0.057330 -0.072308 0.146053 -0.194637
0.000688 -0.012423 0.043349 0.008280 0.008255 -0.002934 -0.045535 0.011240 0.008125 0.001722 0.001655 0.002842 -0.004830 -0.086089 1.148844 -0.013933 -0.005524 -0.005665 -0.072420 0.027272 -0.003514 0.009993 -0.023349 0.012946
-0.002866 -0.038429 0.011399 0.101576 0.006825 0.000074 -0.080633 0.004659 0.016430 0.005358 0.016054 0.019431 -0.009011 -0.146414 -0.013933 1.421715 -0.047099 -0.031451 -0.120113 0.017894 0.034401 -0.007489 -0.035049 0.036349
0.001789 -0.005406 -0.001293 0.002331 0.093759 0.005045 -0.081444 0.010060 0.007816 0.006056 0.002690 0.007746 0.013773 -0.105307 -0.005524 -0.047099 1.419004 -0.067046 -0.199182 -0.001172 0.025962 0.030495 -0.092486 0.062040
0.004653 0.009204 0.003786 -0.006555 -0.003394 0.065150 -0.031530 0.001170 0.007683 0.000865 0.006917 -0.008850 0.008209 0.040975 -0.005665 -0.031451 -0.067046 1.329641 -0.183356 -0.016210 0.024314 0.005011 0.049725 -0.036180
-0.022144 0.010609 -0.063725 -0.068394 -0.098292 -0.038495 0.532728 -0.085460 -0.092244 -0.036566 -0.034648 -0.028138 -0.118347 0.315246 -0.072420 -0.120113 -0.199182 -0.183356 2.207493 -0.140367 -0.202626 -0.134924 0.321966 -0.116140
0.000169 -0.011718 0.012799 0.013791 0.009466 -0.001827 -0.080769 0.064769 0.012405 0.002274 -0.001180 0.007783 0.022330 -0.075283 0.027272 0.017894 -0.001172 -0.016210 -0.140367 1.175566 -0.021083 -0.005744 -0.082663 0.019591
0.006684 -0.001984 0.003471 0.003088 0.011421 0.007032 -0.060459 0.001035 0.067033 0.003977 -0.008242 -0.000521 0.015154 0.057330 -0.003514 0.034401 0.025962 0.024314 -0.202626 -0.021083 1.403028 -0.048316 -0.150391 -0.014486
0.005608 -0.001431 0.009429 0.002930 0.006847 0.007362 -0.076975 0.009700 0.009281 0.045086 -0.000419 -0.000076 0.010280 -0.072308 0.009993 -0.007489 0.030495 0.005011 -0.134924 -0.005744 -0.048316 1.285737 -0.130728 -0.012169
-0.033797 0.027506 -0.029668 -0.027960 -0.051106 -0.020204 0.147280 -0.056187 -0.050437 -0.020347 0.088424 -0.044546 -0.125651 0.146053 -0.023349 -0.035049 -0.092486 0.049725 0.321966 -0.082663 -0.150391 -0.130728 1.817589 -0.217054
0.012143 -0.033344 0.015855 0.021002 0.034768 0.005434 -0.101898 0.017094 0.016602 0.000911 -0.010624 0.103973 0.002874 -0.194637 0.012946 0.036349 0.062040 -0.036180 -0.116140 0.019591 -0.014486 -0.012169 -0.217054 1.445771
1.147766 0.017040 -0.060786 0.004065 0.008417 0.019976 0.009778 -0.043652 0.006077 0.000654 -0.001084 0.015455 0.112270 0.004179 -0.058798 0.009040 0.021832 0.022565 -0.004318 -0.060783 0.009906 -0.005173 0.001004 -0.042445
0.017040 1.098294 0.011191 0.006077 0.000361 0.002371 0.000012 -0.011245 0.001936 0.005005 0.001932 -0.008628 0.005704 0.047118 -0.015831 0.004895 -0.000309 -0.001166 0.000072 -0.021989 0.005911 0.000507 0.002400 -0.018292
-0.060786 0.011191 1.388633 -0.004901 -0.040532 -0.038576 -0.008842 0.062584 -0.005825 0.000194 -0.007410 -0.051272 -0.076764 -0.019570 0.210519 -0.034982 -0.047342 -0.049091 0.007785 0.067172 -0.017769 0.027789 -0.020391 0.032960
0.004065 0.006077 -0.004901 1.087627 0.019971 0.000109 -0.000284 -0.035399 0.010375 0.007369 0.005480 0.005214 0.009590 0.005087 -0.029494 0.053450 0.005433 0.006384 -0.002469 -0.042276 0.016861 -0.002784 0.008267 -0.027061
0.008417 0.000361 -0.040532 0.019971 1.125369 0.016853 -0.005906 -0.065386 0.004257 0.014247 0.008853 0.009867 0.011728 0.002141 -0.032608 0.005531 0.083873 0.006496 -0.007084 -0.047478 0.004917 0.012783 0.006249 -0.024552
0.019976 0.002371 -0.038576 0.000109 0.016853 1.134217 0.010101 -0.100611 -0.000587 0.008372 0.014992 0.011759 0.038335 0.003789 -0.047339 0.004814 0.006925 0.098334 -0.001925 -0.081377 0.001986 0.013185 0.009530 -0.033406
0.009778 0.000012 -0.008842 -0.000284 -0.005906 0.010101 1.111544 -0.049021 -0.002904 -0.003435 0.003440 0.007677 0.003534 0.004574 -0.003904 0.002410 -0.004159 -0.003065 0.064234 -0.039972 -0.000726 0.001557 0.004337 -0.019359
-0.043652 -0.011245 0.062584 -0.035399 -0.065386 -0.100611 -0.049021 1.799867 -0.048042 -0.092325 -0.056977 -0.066787 -0.097810 -0.022735 0.080055 -0.052400 -0.080062 -0.079366 -0.062461 0.458679 -0.072069 -0.105413 -0.045580 0.083654
0.006077 0.001936 -0.005825 0.010375 0.004257 -0.000587 -0.002904 -0.048042 1.080377 0.009156 -0.002526 -0.006455 0.018057 0.003722 -0.025937 0.018205 0.002415 0.005852 -0.004394 -0.041883 0.057926 -0.002550 0.002107 -0.031976
0.000654 0.005005 0.000194 0.007369 0.014247 0.008372 -0.003435 -0.092325 0.009156 1.105435 0.013537 -0.008362 0.013636 0.006065 -0.004662 0.001097 0.022014 0.005505 0.001211 -0.062760 0.002966 0.074685 0.001933 -0.037987
-0.001084 0.001932 -0.007410 0.005480 0.008853 0.014992 0.003440 -0.056977 -0.002526 0.013537 1.089636 0.015377 0.001815 0.002838 -0.018247 0.005340 0.001529 0.015126 0.002253 -0.037999 0.001136 0.007440 0.053400 -0.019212
0.015455 -0.008628 -0.051272 0.005214 0.009867 0.011759 0.007677 -0.066787 -0.006455 -0.008362 0.015377 1.185277 -0.001859 -0.006384 -0.025588 0.011137 0.000129 0.007860 0.013185 -0.034809 -0.004628 -0.006061 0.000767 0.079371
0.112270 0.005704 -0.076764 0.009590 0.011728 0.038335 0.003534 -0.097810 0.018057 0.013636 0.001815 -0.001859 1.431266 -0.006919 -0.206470 0.020122 0.081931 0.077326 -0.026259 -0.142325 0.030111 0.006948 -0.007867 -0.213068
0.004179 0.047118 -0.019570 0.005087 0.002141 0.003789 0.004574 -0.022735 0.003722 0.006065 0.002838 -0.006384 -0.006919 1.146456 -0.085046 0.006612 0.000478 0.005574 0.016642 -0.071542 0.017798 0.013510 0.011888 -0.076946
-0.058798 -0.015831 0.210519 -0.029494 -0.032608 -0.047339 -0.003904 0.080055 -0.025937 -0.004662 -0.018247 -0.025588 -0.206470 -0.085046 1.718937 -0.116245 -0.163483 -0.138678 0.043399 0.258558 -0.068460 0.070788 -0.064187 0.097800
0.009040 0.004895 -0.034982 0.053450 0.005531 0.004814 0.002410 -0.052400 0.018205 0.001097 0.005340 0.011137 0.020122 0.006612 -0.116245 1.161333 -0.014012 0.003544 -0.005394 -0.088523 0.043147 -0.015025 0.020333 -0.034928
0.021832 -0.000309 -0.047342 0.005433 0.083873 0.006925 -0.004159 -0.080062 0.002415 0.022014 0.001529 0.000129 0.081931 0.000478 -0.163483 -0.014012 1.415023 -0.039707 -0.037446 -0.137146 0.014389 0.045148 -0.001060 -0.072787
0.022565 -0.001166 -0.049091 0.006384 0.006496 0.098334 -0.003065 -0.079366 0.005852 0.005505 0.015126 0.007860 0.077326 0.005574 -0.138678 0.003544 -0.039707 1.426844 -0.049979 -0.223362 0.011287 0.023335 0.033461 -0.082716
-0.004318 0.000072 0.007785 -0.002469 -0.007084 -0.001925 0.064234 -0.062461 -0.004394 0.001211 0.002253 0.013185 -0.026259 0.016642 0.043399 -0.005394 -0.037446 -0.049979 1.257541 -0.171530 -0.010559 0.026858 -0.002459 0.027925
-0.060783 -0.021989 0.067172 -0.042276 -0.047478 -0.081377 -0.039972 0.458679 -0.041883 -0.062760 -0.037999 -0.034809 -0.142325 -0.071542 0.258558 -0.088523 -0.137146 -0.223362 -0.171530 2.138387 -0.139580 -0.249277 -0.091252 0.274215
0.009906 0.005911 -0.017769 0.016861 0.004917 0.001986 -0.000726 -0.072069 0.057926 0.002966 0.001136 -0.004628 0.030111 0.017798 -0.068460 0.043147 0.014389 0.011287 -0.010559 -0.139580 1.164695 -0.023112 0.005806 -0.072291
-0.005173 0.000507 0.027789 -0.002784 0.012783 0.013185 0.001557 -0.105413 -0.002550 0.074685 0.007440 -0.006061 0.006948 0.013510 0.070788 -0.015025 0.045148 0.023335 0.026858 -0.249277 -0.023112 1.400388 -0.030273 -0.152657
0.001004 0.002400 -0.020391 0.008267 0.006249 0.009530 0.004337 -0.045580 0.002107 0.001933 0.053400 0.000767 -0.007867 0.011888 -0.064187 0.020333 -0.001060 0.033461 -0.002459 -0.091252 0.005806 -0.030273 1.211811 -0.105787
-0.042445 -0.018292 0.032960 -0.027061 -0.024552 -0.033406 -0.019359 0.083654 -0.031976 -0.037987 -0.019212 0.079371 -0.213068 -0.076946 0.097800 -0.034928 -0.072787 -0.082716 0.027925 0.274215 -0.072291 -0.152657 -0.105787 1.806728
1.237530 0.013430 -0.016037 -0.055987 0.008920 0.017928 0.013057 0.018240 -0.068381 -0.004915 -0.017227 0.018324 0.106659 -0.004483 -0.015239 -0.025354 0.012568 0.000689 0.005762 0.025980 -0.031933 -0.004876 -0.021295 0.003464
0.013430 1.139921 0.026051 -0.041750 0.006587 0.007803 0.007919 0.007646 -0.013435 0.004298 -0.001712 0.000396 -0.032734 0.095912 0.007010 -0.048050 0.006376 0.018664 0.004828 -0.007007 -0.031000 0.003897 -0.012379 0.004354
-0.016037 0.026051 1.124972 0.010293 0.006216 -0.001464 0.004105 0.006345 -0.003813 0.004069 0.011228 0.001570 -0.037611 0.008557 0.062697 -0.022764 0.004113 0.003019 -0.002221 0.004984 -0.032603 0.006785 0.012342 0.003372
-0.055987 -0.041750 0.010293 1.401829 0.007504 -0.053552 -0.018405 -0.009548 0.046645 0.002558 0.002435 -0.001586 -0.010003 -0.051300 -0.013312 0.203797 -0.023388 -0.062432 -0.024165 0.021331 0.017969 -0.012826 0.039117 -0.015551
0.008920 0.006587 0.006216 0.007504 1.090240 0.020762 0.002446 -0.001323 -0.026578 0.005695 0.008723 0.008264 -0.025911 0.014851 0.004454 -0.021752 0.048665 0.008283 0.000444 -0.000383 -0.036932 0.014660 -0.003565 0.007428
0.017928 0.007803 -0.001464 -0.053552 0.020762 1.186508 0.016312 -0.010620 -0.090046 0.002061 0.022503 0.015648 -0.022579 0.004558 0.001295 -0.045879 0.004418 0.130536 0.000606 -0.000736 -0.069736 0.008946 0.006327 0.008879
0.013057 0.007919 0.004105 -0.018405 0.002446 0.016312 1.091473 0.010685 -0.072075 0.001256 0.008150 0.010019 -0.030296 0.018746 0.003503 -0.021411 0.003300 0.007739 0.069234 0.001115 -0.056446 0.004898 0.007900 0.012978
0.018240 0.007646 0.006345 -0.009548 -0.001323 -0.010620 0.010685 1.136176 -0.062021 -0.003952 -0.005294 0.004268 -0.002704 0.001567 0.012186 -0.007980 0.001215 -0.007755 0.000173 0.090147 -0.059730 -0.002170 0.000426 0.005902
-0.068381 -0.013435 -0.003813 0.046645 -0.026578 -0.090046 -0.072075 -0.062021 1.774971 -0.037948 -0.124044 -0.050856 0.133536 -0.049634 -0.035334 0.060224 -0.025090 -0.115214 -0.051401 -0.082800 0.482997 -0.060016 -0.155960 -0.049181
-0.004915 0.004298 0.004069 0.002558 0.005695 0.002061 0.001256 -0.003952 -0.037948 1.082193 0.009832 -0.000101 -0.021411 0.010518 0.005762 -0.021314 0.012698 0.001337 0.004229 -0.005157 -0.035907 0.056265 -0.000413 0.001846
-0.017227 -0.001712 0.011228 0.002435 0.008723 0.022503 0.008150 -0.005294 -0.124044 0.009832 1.167592 0.018126 -0.068565 0.006422 0.029012 -0.024191 0.000153 0.046680 -0.004286 0.008579 -0.091280 0.005831 0.117048 0.003298
0.018324 0.000396 0.001570 -0.001586 0.008264 0.015648 0.010019 0.004268 -0.050856 -0.000101 0.018126 1.073428 -0.021477 0.004908 0.003401 -0.020140 0.005060 0.007536 0.011111 0.002863 -0.037016 0.004421 0.005794 0.043562
0.106659 -0.032734 -0.037611 -0.010003 -0.025911 -0.022579 -0.030296 -0.002704 0.133536 -0.021411 -0.068565 -0.021477 1.867454 -0.175112 -0.111566 0.067959 -0.012099 -0.063117 -0.070602 0.026167 0.307372 -0.067826 -0.243237 -0.103762
-0.004483 0.095912 0.008557 -0.051300 0.014851 0.004558 0.018746 0.001567 -0.049634 0.010518 0.006422 0.004908 -0.175112 1.349636 -0.011516 -0.160111 0.021323 0.026018 0.065703 -0.042472 -0.070595 0.028610 -0.017928 0.003287
-0.015239 0.007010 0.062697 -0.013312 0.004454 0.001295 0.003503 0.012186 -0.035334 0.005762 0.029012 0.003401 -0.111566 -0.011516 1.200207 -0.112028 -0.003168 0.015226 0.000948 0.036686 -0.104175 0.021390 0.055838 0.007756
-0.025354 -0.048050 -0.022764 0.203797 -0.021752 -0.045879 -0.021411 -0.007980 0.060224 -0.021314 -0.024191 -0.020140 0.067959 -0.160111 -0.112028 1.776304 -0.104297 -0.221718 -0.092405 0.058732 0.212333 -0.070132 0.055740 -0.059887
0.012568 0.006376 0.004113 -0.023388 0.048665 0.004418 0.003300 0.001215 -0.025090 0.012698 0.000153 0.005060 -0.012099 0.021323 -0.003168 -0.104297 1.160847 -0.020338 -0.008568 -0.010825 -0.054094 0.036468 -0.021363 0.013465
0.000689 0.018664 0.003019 -0.062432 0.008283 0.130536 0.007739 -0.007755 -0.115214 0.001337 0.046680 0.007536 -0.063117 0.026018 0.015226 -0.221718 -0.020338 1.547050 -0.045746 -0.056446 -0.182532 0.022484 0.071375 -0.006207
0.005762 0.004828 -0.002221 -0.024165 0.000444 0.000606 0.069234 0.000173 -0.051401 0.004229 -0.004286 0.011111 -0.070602 0.065703 0.000948 -0.092405 -0.008568 -0.045746 1.365467 -0.063301 -0.159202 0.008358 0.008993 0.039372
0.025980 -0.007007 0.004984 0.021331 -0.000383 -0.000736 0.001115 0.090147 -0.082800 -0.005157 0.008579 0.002863 0.026167 -0.042472 0.036686 0.058732 -0.010825 -0.056446 -0.063301 1.408929 -0.262695 -0.021504 0.044567 0.001623
-0.031933 -0.031000 -0.032603 0.017969 -0.036932 -0.069736 -0.056446 -0.059730 0.482997 -0.035907 -0.091280 -0.037016 0.307372 -0.070595 -0.104175 0.212333 -0.054094 -0.182532 -0.159202 -0.262695 2.192444 -0.118178 -0.318846 -0.081151
-0.004876 0.003897 0.006785 -0.012826 0.014660 0.008946 0.004898 -0.002170 -0.060016 0.056265 0.005831 0.004421 -0.067826 0.028610 0.021390 -0.070132 0.036468 0.022484 0.008358 -0.021504 -0.118178 1.160235 -0.023455 0.006833
-0.021295 -0.012379 0.012342 0.039117 -0.003565 0.006327 0.007900 0.000426 -0.155960 -0.000413 0.117048 0.005794 -0.243237 -0.017928 0.055838 0.055740 -0.021363 0.071375 0.008993 0.044567 -0.318846 -0.023455 1.524049 -0.033296
0.003464 0.004354 0.003372 -0.015551 0.007428 0.008879 0.012978 0.005902 -0.049181 0.001846 0.003298 0.043562 -0.103762 0.003287 0.007756 -0.059887 0.013465 -0.006207 0.039372 0.001623 -0.081151 0.006833 -0.033296 1.198101
1.085989 0.022036 0.002069 0.004918 -0.003912 0.009219 0.017247 0.015164 0.004140 -0.054951 0.002890 0.023692 0.051271 -0.038255 0.008717 0.006772 -0.026281 0.008374 0.010160 0.009287 0.006621 -0.054643 0.007222 0.010718
0.022036 1.181817 0.022244 -0.001640 -0.033442 0.006370 0.017870 0.010856 0.008261 -0.047412 -0.002005 -0.007916 0.004948 0.057622 0.003464 -0.003213 -0.017112 0.005069 0.014837 0.005799 0.010759 -0.038640 0.001189 -0.004429
0.002069 0.022244 1.158036 0.020511 -0.039861 0.000859 0.015715 0.014429 0.004002 -0.023159 0.005352 -0.003281 0.002568 -0.040832 0.122952 0.001371 -0.054757 0.001542 0.033115 0.011719 -0.010897 -0.039263 0.003924 -0.007583
0.004918 -0.001640 0.020511 1.086020 0.018744 0.002012 -0.001282 0.001138 0.001153 -0.013944 0.003138 0.005705 0.007836 -0.029496 0.014546 0.042235 -0.014274 -0.000954 0.001063 0.001367 0.001988 -0.029966 0.005052 0.006706
-0.003912 -0.033442 -0.039861 0.018744 1.346049 -0.001476 -0.042519 -0.026444 -0.009290 0.030743 -0.002539 -0.009473 -0.007011 -0.002412 -0.042141 -0.011651 0.179778 -0.024783 -0.067405 -0.017890 0.019565 0.017979 -0.011203 0.023332
0.009219 0.006370 0.000859 0.002012 -0.001476 1.103759 0.019260 -0.000418 -0.003521 -0.041543 0.018931 0.011526 0.012613 -0.038812 0.008099 0.011031 -0.032888 0.060321 0.005872 -0.001539 0.008427 -0.055511 0.025536 0.005575
0.017247 0.017870 0.015715 -0.001282 -0.042519 0.019260 1.150306 0.016383 -0.008342 -0.085326 0.006935 0.029298 0.006298 -0.036058 0.022855 0.003164 -0.048086 0.006398 0.108558 0.000335 -0.007496 -0.057604 0.009077 0.017965
0.015164 0.010856 0.014429 0.001138 -0.026444 -0.000418 0.016383 1.124766 0.011048 -0.094865 0.002169 0.009794 0.016929 -0.036840 0.033358 0.005309 -0.041471 0.004667 0.005522 0.087109 -0.003560 -0.073863 0.008665 0.001778
0.004140 0.008261 0.004002 0.001153 -0.009290 -0.003521 -0.008342 0.011048 1.112598 -0.045977 -0.005931 -0.008299 0.009761 -0.009959 0.004530 0.007339 -0.008742 0.000045 -0.004377 0.000366 0.063423 -0.039057 -0.004122 -0.003348
