1.196184 0.020832 0.006022 0.009919 0.016448 0.058617 0.018183 0.031575 0.013444 0.012071 0.002988 0.025568 0.220165 0.009930 0.006432 0.015169 0.071381 0.077111 0.011491 0.085996 0.013951 0.037652 0.018424 0.013520
0.020832 1.136404 0.036015 0.011361 0.014048 0.017040 0.032827 0.022727 0.024753 0.019073 0.017255 0.011708 0.021007 0.119266 0.030559 0.025224 0.023071 0.044184 0.042130 0.028180 0.055344 0.024658 0.035814 0.024794
0.006022 0.036015 1.135413 0.025260 0.013314 0.014106 0.021971 0.048272 0.024948 0.024159 0.029297 0.014871 0.021758 0.029934 0.120945 0.026550 0.019037 0.027727 0.040328 0.072272 0.022074 0.045994 0.036383 0.037559
0.009919 0.011361 0.025260 1.139620 0.022770 0.002769 0.013261 0.015836 0.029727 0.019896 0.028070 0.027715 0.022883 0.025978 0.018987 0.142254 0.013442 0.014070 0.026745 0.040193 0.038820 0.016355 0.064975 0.027727
0.016448 0.014048 0.013314 0.022770 1.089274 0.021299 0.009530 0.010718 0.015412 0.018046 0.016617 0.020467 0.026213 0.017853 0.020144 0.021264 0.079569 0.018258 0.021526 0.020796 0.029318 0.027413 0.018524 0.035149
0.058617 0.017040 0.014106 0.002769 0.021299 1.201824 0.017940 0.003478 0.009344 0.016213 0.029469 0.012289 0.113104 0.015985 0.028455 0.014216 0.015705 0.223379 0.009666 0.015470 0.012025 0.077262 0.040835 0.002192
0.018183 0.032827 0.021971 0.013261 0.009530 0.017940 1.113236 0.021166 0.009803 0.013578 0.016917 0.028557 0.021884 0.052196 0.020240 0.027476 0.016561 0.022336 0.105526 0.020160 0.019692 0.024971 0.040349 0.037271
0.031575 0.022727 0.048272 0.015836 0.010718 0.003478 0.021166 1.152463 0.021780 0.010747 0.011371 0.015342 0.043686 0.017022 0.081611 0.017931 0.026847 0.013368 0.019803 0.169614 0.016676 0.024906 0.020173 0.054390
0.013444 0.024753 0.024948 0.029727 0.015412 0.009344 0.009803 0.021780 1.113805 0.021735 0.008614 0.011833 0.051567 0.029578 0.020140 0.055933 0.019363 0.019671 0.020379 0.024190 0.112925 0.020488 0.018930 0.015777
0.012071 0.019073 0.024159 0.019896 0.018046 0.016213 0.013578 0.010747 0.021735 1.073746 0.020843 0.010531 0.023295 0.026002 0.028064 0.022727 0.029433 0.021394 0.020346 0.021153 0.026087 0.065180 0.021410 0.014480
0.002988 0.017255 0.029297 0.028070 0.016617 0.029469 0.016917 0.011371 0.008614 0.020843 1.151729 0.023000 0.017901 0.018612 0.065621 0.040012 0.013068 0.070125 0.016688 0.027725 0.021507 0.026584 0.154089 0.009274
0.025568 0.011708 0.014871 0.027715 0.020467 0.012289 0.028557 0.015342 0.011833 0.010531 0.023000 1.144502 0.018544 0.018764 0.018895 0.060222 0.025891 0.012309 0.061588 0.017506 0.022951 0.028887 0.021235 0.136030
0.220165 0.021007 0.021758 0.022883 0.026213 0.113104 0.021884 0.043686 0.051567 0.023295 0.017901 0.018544 1.665829 -0.006594 0.010418 0.061537 0.158480 0.190575 0.016002 0.191029 0.088709 0.084779 0.026675 -0.009684
0.009930 0.119266 0.029934 0.025978 0.017853 0.015985 0.052196 0.017022 0.029578 0.026002 0.018612 0.018764 -0.006594 1.346014 0.021037 0.041748 0.033201 0.073752 0.101875 0.026747 0.110169 0.058021 0.062588 0.033203
0.006432 0.030559 0.120945 0.018987 0.020144 0.028455 0.020240 0.081611 0.020140 0.028064 0.065621 0.018895 0.010418 0.021037 1.420353 0.001261 0.022890 0.081148 0.055662 0.181404 0.023666 0.090778 0.131881 0.080551
0.015169 0.025224 0.026550 0.142254 0.021264 0.014216 0.027476 0.017931 0.055933 0.022727 0.040012 0.060222 0.061537 0.041748 0.001261 1.497721 0.004637 0.021464 0.067711 0.090934 0.136634 0.028509 0.151298 0.106321
0.071381 0.023071 0.019037 0.013442 0.079569 0.015705 0.016561 0.026847 0.019363 0.029433 0.013068 0.025891 0.158480 0.033201 0.022890 0.004637 1.346469 0.003186 0.026730 0.096665 0.056316 0.071836 0.027941 0.072338
0.077111 0.044184 0.027727 0.014070 0.018258 0.223379 0.022336 0.013368 0.019671 0.021394 0.070125 0.012309 0.190575 0.073752 0.081148 0.021464 0.003186 1.595586 0.006940 0.016326 0.054211 0.135173 0.169169 0.008907
0.011491 0.042130 0.040328 0.026745 0.021526 0.009666 0.105526 0.019803 0.020379 0.020346 0.016688 0.061588 0.016002 0.101875 0.055662 0.067711 0.026730 0.006940 1.330874 0.009317 0.030668 0.054194 0.064856 0.126657
0.085996 0.028180 0.072272 0.040193 0.020796 0.015470 0.020160 0.169614 0.024190 0.021153 0.027725 0.017506 0.191029 0.026747 0.181404 0.090934 0.096665 0.016326 0.009317 1.571970 0.006881 0.038208 0.088036 0.108957
0.013951 0.055344 0.022074 0.038820 0.029318 0.012025 0.019692 0.016676 0.112925 0.026087 0.021507 0.022951 0.088709 0.110169 0.023666 0.136634 0.056316 0.054211 0.030668 0.006881 1.434403 0.022995 0.031170 0.047934
0.037652 0.024658 0.045994 0.016355 0.027413 0.077262 0.024971 0.024906 0.020488 0.065180 0.026584 0.028887 0.084779 0.058021 0.090778 0.028509 0.071836 0.135173 0.054194 0.038208 0.022995 1.344490 0.017846 0.032622
0.018424 0.035814 0.036383 0.064975 0.018524 0.040835 0.040349 0.020173 0.018930 0.021410 0.154089 0.021235 0.026675 0.062588 0.131881 0.151298 0.027941 0.169169 0.064856 0.088036 0.031170 0.017846 1.568807 -0.002402
0.013520 0.024794 0.037559 0.027727 0.035149 0.002192 0.037271 0.054390 0.015777 0.014480 0.009274 0.136030 -0.009684 0.033203 0.080551 0.106321 0.072338 0.008907 0.126657 0.108957 0.047934 0.032622 -0.002402 1.437810
1.164014 0.021338 -0.005388 -0.088872 0.008279 0.019962 0.012927 0.020323 0.007652 -0.002417 -0.047473 0.014083 0.115723 0.004330 -0.009219 -0.057113 0.011231 0.008497 0.006865 -0.024169 0.008397 -0.000234 -0.041386 0.002515
0.021338 1.098706 0.017907 -0.081079 0.005953 0.012217 0.010442 0.007821 0.009715 0.004075 -0.016320 0.001319 0.012560 0.064927 -0.000330 -0.059690 0.006809 0.013265 0.008552 -0.032090 0.023306 0.004692 -0.029362 0.004317
-0.005388 0.017907 1.134705 -0.027015 0.003434 -0.002470 0.005409 0.013587 0.011701 0.003283 -0.009760 0.002085 0.000277 0.004312 0.060871 -0.037860 0.003026 0.005680 0.005806 -0.016891 0.004992 0.009388 -0.014173 0.005064
-0.088872 -0.081079 -0.027015 1.864500 -0.027335 -0.119146 -0.051238 -0.043214 -0.004027 0.012502 0.009460 -0.019634 -0.114758 -0.066744 -0.041602 0.447500 -0.054980 -0.125942 -0.046690 0.111735 -0.067262 -0.021449 0.055790 -0.032397
0.008279 0.005953 0.003434 -0.027335 1.094518 0.014273 0.000095 -0.008883 0.005288 0.003576 0.000137 0.006730 0.005746 0.006789 -0.004182 -0.033211 0.052931 0.001567 0.003670 -0.029928 0.012329 0.005124 -0.020991 0.012543
0.019962 0.012217 -0.002470 -0.119146 0.014273 1.153113 0.017396 -0.017221 -0.004197 0.003877 0.008246 0.012617 0.039746 0.005740 0.001908 -0.089214 0.010860 0.104854 0.006937 -0.059421 0.011145 0.016070 -0.021916 0.006277
0.012927 0.010442 0.005409 -0.051238 0.000095 0.017396 1.078310 0.013714 -0.003036 -0.001174 -0.005103 0.006089 0.007524 0.011870 0.000262 -0.033092 0.003071 0.003250 0.047294 -0.017928 0.003398 0.002831 -0.019670 0.005700
0.020323 0.007821 0.013587 -0.043214 -0.008883 -0.017221 0.013714 1.203728 0.005628 -0.016168 -0.037433 0.004202 0.009320 0.000383 0.023460 -0.031083 -0.005895 -0.010812 -0.000507 0.111727 -0.012871 -0.012815 -0.017959 0.008169
0.007652 0.009715 0.011701 -0.004027 0.005288 -0.004197 -0.003036 0.005628 1.145455 0.013281 -0.050382 0.003723 0.025731 0.010787 -0.011190 -0.034009 0.004537 -0.004657 0.002591 -0.045610 0.117254 0.004876 -0.058726 0.004640
-0.002417 0.004075 0.003283 0.012502 0.003576 0.003877 -0.001174 -0.016168 0.013281 1.097910 -0.008636 0.000028 -0.001134 0.005245 0.001570 -0.015592 0.004718 0.004341 0.002800 -0.026004 0.006982 0.056748 -0.020536 0.000076
-0.047473 -0.016320 -0.009760 0.009460 0.000137 0.008246 -0.005103 -0.037433 -0.050382 -0.008636 1.379312 -0.003771 -0.055593 -0.020181 0.026835 0.003934 -0.004995 0.024038 -0.007348 0.011190 -0.052938 -0.019826 0.168744 -0.020151
0.014083 0.001319 0.002085 -0.019634 0.006730 0.012617 0.006089 0.004202 0.003723 0.000028 -0.003771 1.069918 0.006379 0.001100 -0.001578 -0.026697 0.009577 0.003178 0.005044 -0.017875 0.010304 0.000986 -0.018697 0.040864
0.115723 0.012560 0.000277 -0.114758 0.005746 0.039746 0.007524 0.009320 0.025731 -0.001134 -0.055593 0.006379 1.472795 -0.031138 -0.052981 -0.167670 0.021371 0.076094 0.002656 -0.094112 0.071081 0.017499 -0.211508 -0.009429
0.004330 0.064927 0.004312 -0.066744 0.006789 0.005740 0.011870 0.000383 0.010787 0.005245 -0.020181 0.001100 -0.031138 1.333568 -0.053093 -0.149753 0.009914 0.012564 0.026796 -0.077780 0.065506 0.004912 -0.095119 -0.000403
-0.009219 -0.000330 0.060871 -0.041602 -0.004182 0.001908 0.000262 0.023460 -0.011190 0.001570 0.026835 -0.001578 -0.052981 -0.053093 1.351924 -0.229457 -0.016348 0.043682 -0.000417 0.050966 -0.049502 0.022714 0.055404 -0.004165
-0.057113 -0.059690 -0.037860 0.447500 -0.033211 -0.089214 -0.033092 -0.031083 -0.034009 -0.015592 0.003934 -0.026697 -0.167670 -0.149753 -0.229457 2.131825 -0.102037 -0.316671 -0.081798 0.274583 -0.090706 -0.087126 0.198279 -0.060667
0.011231 0.006809 0.003026 -0.054980 0.052931 0.010860 0.003071 -0.005895 0.004537 0.004718 -0.004995 0.009577 0.021371 0.009914 -0.016348 -0.102037 1.130268 -0.017149 0.004352 -0.065493 0.022545 0.017879 -0.051744 0.026575
0.008497 0.013265 0.005680 -0.125942 0.001567 0.104854 0.003250 -0.010812 -0.004657 0.004341 0.024038 0.003178 0.076094 0.012564 0.043682 -0.316671 -0.017149 1.541604 -0.032803 -0.221325 0.002033 0.044956 0.052340 -0.012654
0.006865 0.008552 0.005806 -0.046690 0.003670 0.006937 0.047294 -0.000507 0.002591 0.002800 -0.007348 0.005044 0.002656 0.026796 -0.000417 -0.081798 0.004352 -0.032803 1.170306 -0.089232 0.001009 0.007601 -0.045888 0.013244
-0.024169 -0.032090 -0.016891 0.111735 -0.029928 -0.059421 -0.017928 0.111727 -0.045610 -0.026004 0.011190 -0.017875 -0.094112 -0.077780 0.050966 0.274583 -0.065493 -0.221325 -0.089232 1.858948 -0.210696 -0.099225 0.075622 -0.019555
0.008397 0.023306 0.004992 -0.067262 0.012329 0.011145 0.003398 -0.012871 0.117254 0.006982 -0.052938 0.010304 0.071081 0.065506 -0.049502 -0.090706 0.022545 0.002033 0.001009 -0.210696 1.415836 -0.007890 -0.199401 0.017610
-0.000234 0.004692 0.009388 -0.021449 0.005124 0.016070 0.002831 -0.012815 0.004876 0.056748 -0.019826 0.000986 0.017499 0.004912 0.022714 -0.087126 0.017879 0.044956 0.007601 -0.099225 -0.007890 1.181457 -0.098812 -0.000225
-0.041386 -0.029362 -0.014173 0.055790 -0.020991 -0.021916 -0.019670 -0.017959 -0.058726 -0.020536 0.168744 -0.018697 -0.211508 -0.095119 0.055404 0.198279 -0.051744 0.052340 -0.045888 0.075622 -0.199401 -0.098812 1.726287 -0.090362
0.002515 0.004317 0.005064 -0.032397 0.012543 0.006277 0.005700 0.008169 0.004640 0.000076 -0.020151 0.040864 -0.009429 -0.000403 -0.004165 -0.060667 0.026575 -0.012654 0.013244 -0.019555 0.017610 -0.000225 -0.090362 1.133352
1.095544 0.025447 0.006654 0.001698 -0.026457 0.016321 0.010470 0.009095 0.001575 0.006438 0.000042 -0.006124 0.067052 0.004397 0.002910 0.003736 -0.051054 0.028801 -0.002211 0.008257 -0.038048 0.022318 0.001627 -0.039091
0.025447 1.146969 0.021753 -0.002412 -0.084901 0.010943 0.029947 0.014069 0.008983 0.007706 -0.000599 -0.034647 0.015555 0.098912 0.001478 -0.001514 -0.064072 0.017052 0.018413 0.011220 -0.034603 0.003789 0.008072 -0.037345
0.006654 0.021753 1.077880 0.015830 -0.065426 0.007781 0.010679 0.009578 0.008220 0.010856 0.007583 -0.007206 0.007257 0.018245 0.039754 0.002579 -0.049271 0.009080 0.007296 0.011438 -0.024855 0.014853 0.005224 -0.018060
0.001698 -0.002412 0.015830 1.169884 -0.031457 -0.006611 -0.009132 0.005061 0.006694 0.005226 0.007040 -0.005790 0.003313 0.002104 0.001594 0.089194 -0.058732 -0.002475 0.004594 0.012657 -0.021583 -0.000212 0.021055 -0.016889
-0.026457 -0.084901 -0.065426 -0.031457 1.896122 -0.057739 -0.131283 -0.042255 -0.041574 -0.012266 0.006235 0.026548 -0.057075 -0.150950 -0.023762 -0.077309 0.479576 -0.083057 -0.118132 -0.065517 0.128272 -0.064276 -0.041853 0.077886
0.016321 0.010943 0.007781 -0.006611 -0.057739 1.130872 0.016497 0.003246 -0.010142 0.002544 0.012060 -0.003781 0.035508 -0.001051 0.022605 0.010095 -0.082248 0.089008 -0.009990 0.015894 -0.061670 0.028250 0.016356 -0.048347
0.010470 0.029947 0.010679 -0.009132 -0.131283 0.016497 1.185627 0.011759 -0.018805 -0.003565 0.000356 -0.001334 0.005679 0.055694 0.001264 0.005936 -0.090791 0.008437 0.127235 0.002121 -0.053013 0.005009 0.011152 -0.011144
0.009095 0.014069 0.009578 0.005061 -0.042255 0.003246 0.011759 1.060985 0.013798 -0.000454 0.001400 -0.004512 0.009358 0.006021 0.011970 0.000374 -0.030485 0.009584 0.002266 0.037551 -0.016577 0.004819 0.001807 -0.018031
0.001575 0.008983 0.008220 0.006694 -0.041574 -0.010142 -0.018805 0.013798 1.195554 0.006983 -0.010381 -0.031019 0.002012 0.008890 0.008018 0.009197 -0.028354 -0.010617 -0.009155 -0.002164 0.107428 -0.009428 -0.009286 -0.024579
0.006438 0.007706 0.010856 0.005226 -0.012266 0.002544 -0.003565 -0.000454 0.006983 1.141896 0.009298 -0.044848 0.006406 0.037711 0.000068 -0.004195 -0.032978 0.004390 -0.000927 0.007875 -0.036531 0.106900 0.004068 -0.054654
0.000042 -0.000599 0.007583 0.007040 0.006235 0.012060 0.000356 0.001400 -0.010381 0.009298 1.105683 -0.011862 0.000619 -0.001270 0.013424 0.005213 -0.026822 0.010981 -0.009007 0.013302 -0.029482 0.004372 0.068374 -0.030960
-0.006124 -0.034647 -0.007206 -0.005790 0.026548 -0.003781 -0.001334 -0.004512 -0.031019 -0.044848 -0.011862 1.373760 -0.027883 -0.044561 -0.006685 0.005191 0.016477 -0.013520 0.015557 -0.017370 0.025125 -0.031553 -0.027708 0.181416
0.067052 0.015555 0.007257 0.003313 -0.057075 0.035508 0.005679 0.009358 0.002012 0.006406 0.000619 -0.027883 1.214089 -0.019221 -0.001961 0.015794 -0.112621 0.068470 -0.021660 0.020851 -0.061336 0.040706 0.001824 -0.141039
0.004397 0.098912 0.018245 0.002104 -0.150950 -0.001051 0.055694 0.006021 0.008890 0.037711 -0.001270 -0.044561 -0.019221 1.487628 -0.038248 -0.053769 -0.159825 0.009811 0.076638 0.005667 -0.059009 0.054390 0.015454 -0.191819
0.002910 0.001478 0.039754 0.001594 -0.023762 0.022605 0.001264 0.011970 0.008018 0.000068 0.013424 -0.006685 -0.001961 -0.038248 1.316040 -0.052107 -0.147891 0.036511 -0.004874 0.033332 -0.080304 0.041689 0.014629 -0.083639
0.003736 -0.001514 0.002579 0.089194 -0.077309 0.010095 0.005936 0.000374 0.009197 -0.004195 0.005213 0.005191 0.015794 -0.053769 -0.052107 1.410464 -0.264744 -0.006786 0.022933 0.018048 -0.006375 -0.010152 0.046423 0.003862
-0.051054 -0.064072 -0.049271 -0.058732 0.479576 -0.082248 -0.090791 -0.030485 -0.028354 -0.032978 -0.026822 0.016477 -0.112621 -0.159825 -0.147891 -0.264744 2.200012 -0.170981 -0.255468 -0.111914 0.364419 -0.106966 -0.123443 0.233507
0.028801 0.017052 0.009080 -0.002475 -0.083057 0.089008 0.008437 0.009584 -0.010617 0.004390 0.010981 -0.013520 0.068470 0.009811 0.036511 -0.006786 -0.170981 1.203384 -0.037774 0.014546 -0.112522 0.047968 0.028048 -0.086658
-0.002211 0.018413 0.007296 0.004594 -0.118132 -0.009990 0.127235 0.002266 -0.009155 -0.000927 -0.009007 0.015557 -0.021660 0.076638 -0.004874 0.022933 -0.255468 -0.037774 1.499968 -0.037862 -0.176011 -0.016246 0.027264 0.081040
0.008257 0.011220 0.011438 0.012657 -0.065517 0.015894 0.002121 0.037551 -0.002164 0.007875 0.013302 -0.017370 0.020851 0.005667 0.033332 0.018048 -0.111914 0.014546 -0.037862 1.197867 -0.111314 0.008447 0.028177 -0.074192
-0.038048 -0.034603 -0.024855 -0.021583 0.128272 -0.061670 -0.053013 -0.016577 0.107428 -0.036531 -0.029482 0.025125 -0.061336 -0.059009 -0.080304 -0.006375 0.364419 -0.112522 -0.176011 -0.111314 1.863199 -0.199693 -0.109964 0.087118
0.022318 0.003789 0.014853 -0.000212 -0.064276 0.028250 0.005009 0.004819 -0.009428 0.106900 0.004372 -0.031553 0.040706 0.054390 0.041689 -0.010152 -0.106966 0.047968 -0.016246 0.008447 -0.199693 1.379415 -0.009652 -0.177814
0.001627 0.008072 0.005224 0.021055 -0.041853 0.016356 0.011152 0.001807 -0.009286 0.004068 0.068374 -0.027708 0.001824 0.015454 0.014629 0.046423 -0.123443 0.028048 0.027264 0.028177 -0.109964 -0.009652 1.218225 -0.127649
-0.039091 -0.037345 -0.018060 -0.016889 0.077886 -0.048347 -0.011144 -0.018031 -0.024579 -0.054654 -0.030960 0.181416 -0.141039 -0.191819 -0.083639 0.003862 0.233507 -0.086658 0.081040 -0.074192 0.087118 -0.177814 -0.127649 1.792983
1.419559 -0.002926 -0.058033 -0.033777 -0.011315 0.038132 0.000288 0.004504 -0.000813 -0.041346 -0.058013 -0.005033 0.212133 -0.023646 -0.061395 -0.032521 0.027662 0.021692 -0.009210 0.036509 -0.016195 0.006642 -0.059588 -0.021238
-0.002926 1.085526 0.025280 0.000946 0.001386 -0.024901 0.008689 0.011106 0.006416 0.002757 0.006270 0.003023 -0.019977 0.046301 0.007224 0.002611 -0.004684 -0.031730 0.014691 -0.001619 0.007159 -0.019204 0.010630 0.001022
-0.058033 0.025280 1.178577 0.023926 -0.004634 -0.107678 0.008357 0.027182 0.013649 0.011934 0.009290 -0.002197 -0.048988 0.006896 0.115375 0.002523 -0.010137 -0.064887 0.016934 0.013551 0.008998 -0.025726 0.013981 0.004851
-0.033777 0.000946 0.023926 1.139383 0.012681 -0.106513 0.001065 0.011041 0.011929 0.004224 0.015323 0.002907 -0.040500 0.003518 0.009831 0.091095 -0.006430 -0.082511 0.007206 0.014554 0.010436 -0.041805 0.039762 0.003218
-0.011315 0.001386 -0.004634 0.012681 1.125761 -0.035459 0.002461 -0.004912 0.005342 0.007926 0.008556 0.002492 -0.010581 0.001738 0.000923 0.001500 0.062814 -0.042658 0.002150 0.000819 0.008171 -0.011777 0.003600 0.008212
0.038132 -0.024901 -0.107678 -0.106513 -0.035459 1.943312 -0.034031 -0.131824 -0.051232 -0.045594 -0.015261 -0.003149 0.062886 -0.034129 -0.117254 -0.061082 -0.059053 0.474023 -0.055916 -0.132588 -0.050137 0.107440 -0.084710 -0.027962
0.000288 0.008689 0.008357 0.001065 0.002461 -0.034031 1.083481 0.011802 -0.000371 -0.007133 0.003711 0.001575 -0.017337 0.013210 0.008611 -0.001103 -0.001477 -0.031503 0.050412 0.002656 0.003615 -0.023788 0.008562 0.004381
0.004504 0.011106 0.027182 0.011041 -0.004912 -0.131824 0.011802 1.162294 0.013191 -0.019675 -0.004324 0.006341 -0.009611 0.003311 0.038218 -0.004312 0.002643 -0.086713 0.008738 0.105639 0.004196 -0.051143 0.007046 0.017557
-0.000813 0.006416 0.013649 0.011929 0.005342 -0.051232 -0.000371 0.013191 1.073512 0.013479 -0.003022 0.002951 -0.007809 0.004983 0.004983 0.011001 -0.001234 -0.034144 0.004839 0.007589 0.045771 -0.019994 0.001212 0.001646
-0.041346 0.002757 0.011934 0.004224 0.007926 -0.045594 -0.007133 -0.019675 0.013479 1.197103 0.002224 -0.011040 -0.008841 0.006909 0.004487 0.005935 0.012346 -0.031559 -0.004192 -0.006282 -0.000609 0.100587 -0.011561 -0.014128
-0.058013 0.006270 0.009290 0.015323 0.008556 -0.015261 0.003711 -0.004324 -0.003022 0.002224 1.151569 0.013466 -0.060417 0.005337 0.026770 0.008903 -0.013741 -0.037503 0.003798 -0.010243 0.003360 -0.037365 0.112356 0.003646
-0.005033 0.003023 -0.002197 0.002907 0.002492 -0.003149 0.001575 0.006341 0.002951 -0.011040 0.013466 1.082537 -0.020460 0.001276 0.001741 0.004479 -0.002227 -0.018529 0.003296 0.004267 0.007232 -0.023163 0.006071 0.045403
0.212133 -0.019977 -0.048988 -0.040500 -0.010581 0.062886 -0.017337 -0.009611 -0.007809 -0.008841 -0.060417 -0.020460 1.732250 -0.097926 -0.196234 -0.107163 0.047615 0.216991 -0.054027 0.064967 -0.053737 0.064612 -0.197631 -0.086991
-0.023646 0.046301 0.006896 0.003518 0.001738 -0.034129 0.013210 0.003311 0.004983 0.006909 0.005337 0.001276 -0.097926 1.150112 -0.011559 -0.001689 -0.002699 -0.073090 0.030944 -0.011106 0.020619 -0.021571 0.012096 0.001349
-0.061395 0.007224 0.115375 0.009831 0.000923 -0.117254 0.008611 0.038218 0.004983 0.004487 0.026770 0.001741 -0.196234 -0.011559 1.444286 -0.041518 -0.042668 -0.158412 0.027123 0.056160 0.002790 -0.068708 0.072265 0.009495
-0.032521 0.002611 0.002523 0.091095 0.001500 -0.061082 -0.001103 -0.004312 0.011001 0.005935 0.008903 0.004479 -0.107163 -0.001689 -0.041518 1.397699 -0.060035 -0.178716 0.003942 0.020658 0.023462 -0.064002 0.058703 0.001569
0.027662 -0.004684 -0.010137 -0.006430 0.062814 -0.059053 -0.001477 0.002643 -0.001234 0.012346 -0.013741 -0.002227 0.047615 -0.002699 -0.042668 -0.060035 1.332285 -0.225496 -0.014148 0.037186 -0.004785 0.042522 -0.036370 0.014275
0.021692 -0.031730 -0.064887 -0.082511 -0.042658 0.474023 -0.031503 -0.086713 -0.034144 -0.031559 -0.037503 -0.018529 0.216991 -0.073090 -0.158412 -0.178716 -0.225496 2.178057 -0.106328 -0.287691 -0.095018 0.250662 -0.100800 -0.076107
-0.009210 0.014691 0.016934 0.007206 0.002150 -0.055916 0.050412 0.008738 0.004839 -0.004192 0.003798 0.003296 -0.054027 0.030944 0.027123 0.003942 -0.014148 -0.106328 1.130137 -0.017051 0.008899 -0.058232 0.015209 0.017283
0.036509 -0.001619 0.013551 0.014554 0.000819 -0.132588 0.002656 0.105639 0.007589 -0.006282 -0.010243 0.004267 0.064967 -0.011106 0.056160 0.020658 0.037186 -0.287691 -0.017051 1.467383 -0.031839 -0.185939 0.000065 0.028246
-0.016195 0.007159 0.008998 0.010436 0.008171 -0.050137 0.003615 0.004196 0.045771 -0.000609 0.003360 0.007232 -0.053737 0.020619 0.002790 0.023462 -0.004785 -0.095018 0.008899 -0.031839 1.206355 -0.105561 -0.003972 0.009715
0.006642 -0.019204 -0.025726 -0.041805 -0.011777 0.107440 -0.023788 -0.051143 -0.019994 0.100587 -0.037365 -0.023163 0.064612 -0.021571 -0.068708 -0.064002 0.042522 0.250662 -0.058232 -0.185939 -0.105561 1.833510 -0.201488 -0.080839
-0.059588 0.010630 0.013981 0.039762 0.003600 -0.084710 0.008562 0.007046 0.001212 -0.011561 0.112356 0.006071 -0.197631 0.012096 0.072265 0.058703 -0.036370 -0.100800 0.015209 0.000065 -0.003972 -0.201488 1.442738 -0.009956
-0.021238 0.001022 0.004851 0.003218 0.008212 -0.027962 0.004381 0.017557 0.001646 -0.014128 0.003646 0.045403 -0.086991 0.001349 0.009495 0.001569 0.014275 -0.076107 0.017283 0.028246 0.009715 -0.080839 -0.009956 1.154115
1.102209 0.008323 0.004304 0.000089 0.003308 0.007007 -0.017193 0.007031 0.008576 0.006257 -0.005731 0.019156 0.056354 -0.026239 0.000278 -0.004600 0.004092 0.006039 -0.027931 0.001879 0.005637 0.009952 -0.037974 0.013277
0.008323 1.327465 0.011838 -0.030071 -0.020930 -0.007414 0.017200 0.008849 0.007860 0.001681 -0.017859 -0.032489 -0.004656 0.120032 -0.013501 -0.034607 0.001664 0.008467 -0.013097 -0.007228 0.005927 0.001965 0.009724 -0.028614
0.004304 0.011838 1.096448 0.021688 0.000794 -0.000388 -0.045489 0.017438 0.015653 0.007163 0.005532 0.002393 0.013523 -0.036902 0.044500 0.013063 -0.001609 0.001988 -0.067346 0.017812 0.002568 0.010901 -0.034979 0.017996
0.000089 -0.030071 0.021688 1.151938 0.025840 -0.007570 -0.083619 0.007327 0.013682 0.010935 0.013033 0.010130 0.003491 -0.043838 0.009061 0.102059 0.001140 -0.008435 -0.063397 0.014418 0.001859 0.004263 -0.028454 0.018457
0.003308 -0.020930 0.000794 0.025840 1.147293 0.013583 -0.103208 0.004914 0.010817 0.007556 0.006201 0.008993 0.009544 -0.035250 0.006854 0.005735 0.092418 -0.004587 -0.085692 0.006630 0.010012 0.005172 -0.042390 0.031254
0.007007 -0.007414 -0.000388 -0.007570 0.013583 1.130886 -0.041256 -0.004324 0.001175 0.003592 0.000773 0.011182 0.012776 -0.005857 -0.003388 -0.001532 0.002301 0.076000 -0.041955 -0.002936 0.006542 0.009292 -0.020244 0.005470
-0.017193 0.017200 -0.045489 -0.083619 -0.103208 -0.041256 1.883254 -0.073489 -0.096335 -0.047071 -0.055377 -0.028466 -0.057322 0.125211 -0.049977 -0.078413 -0.070812 -0.035324 0.518241 -0.085518 -0.049686 -0.076378 0.144678 -0.095989
0.007031 0.008849 0.017438 0.007327 0.004914 -0.004324 -0.073489 1.107830 0.016798 0.000718 -0.004564 0.007254 0.012907 -0.049707 0.018018 0.003486 0.008818 0.001236 -0.089899 0.071146 -0.001282 0.009050 -0.051490 0.022014
0.008576 0.007860 0.015653 0.013682 0.010817 0.001175 -0.096335 0.016798 1.107011 0.013225 -0.006246 0.002627 0.016451 -0.032182 0.006949 0.015652 0.007324 0.009277 -0.090829 0.011880 0.063781 0.009664 -0.049289 0.016261
0.006257 0.001681 0.007163 0.010935 0.007556 0.003592 -0.047071 0.000718 0.013225 1.067001 0.014850 0.000591 0.004737 -0.016604 0.001585 0.005322 0.006746 0.000833 -0.033928 0.001346 0.002962 0.043211 -0.016763 0.000754
-0.005731 -0.017859 0.005532 0.013033 0.006201 0.000773 -0.055377 -0.004564 -0.006246 0.014850 1.180157 0.009097 -0.010281 -0.016753 0.003010 0.016443 0.000849 0.009581 -0.036452 -0.001516 -0.007347 -0.000490 0.088071 -0.010937
0.019156 -0.032489 0.002393 0.010130 0.008993 0.011182 -0.028466 0.007254 0.002627 0.000591 0.009097 1.136963 0.003896 -0.042586 0.003632 0.018606 0.005541 -0.006216 -0.029763 0.006882 -0.000435 0.001204 -0.039034 0.100657
0.056354 -0.004656 0.013523 0.003491 0.009544 0.012776 -0.057322 0.012907 0.016451 0.004737 -0.010281 0.003896 1.237382 -0.137002 -0.006132 -0.008042 0.016682 0.015521 -0.124121 0.022697 0.020426 0.015930 -0.129150 -0.001582
-0.026239 0.120032 -0.036902 -0.043838 -0.035250 -0.005857 0.125211 -0.049707 -0.032182 -0.016604 -0.016753 -0.042586 -0.137002 1.738130 -0.098720 -0.145748 -0.104521 0.038245 0.311711 -0.081781 0.060419 -0.080116 0.145589 -0.193959
0.000278 -0.013501 0.044500 0.009061 0.006854 -0.003388 -0.049977 0.018018 0.006949 0.001585 0.003010 0.003632 -0.006132 -0.098720 1.160301 -0.017319 -0.006713 -0.006668 -0.083196 0.039934 -0.007931 0.011857 -0.031800 0.020024
-0.004600 -0.034607 0.013063 0.102059 0.005735 -0.001532 -0.078413 0.003486 0.015652 0.005322 0.016443 0.018606 -0.008042 -0.145748 -0.017319 1.436900 -0.050126 -0.035218 -0.120126 0.017561 0.037731 -0.009702 -0.029438 0.031830
0.004092 0.001664 -0.001609 0.001140 0.092418 0.002301 -0.070812 0.008818 0.007324 0.006746 0.000849 0.005541 0.016682 -0.104521 -0.006713 -0.050126 1.422428 -0.071780 -0.191724 -0.002618 0.026560 0.034325 -0.091821 0.057389
0.006039 0.008467 0.001988 -0.008435 -0.004587 0.076000 -0.035324 0.001236 0.009277 0.000833 0.009581 -0.006216 0.015521 0.038245 -0.006668 -0.035218 -0.071780 1.357080 -0.198313 -0.017083 0.023517 0.005914 0.052691 -0.035221
-0.027931 -0.013097 -0.067346 -0.063397 -0.085692 -0.041955 0.518241 -0.089899 -0.090829 -0.033928 -0.036452 -0.029763 -0.124121 0.311711 -0.083196 -0.120126 -0.191724 -0.198313 2.218523 -0.147686 -0.203179 -0.136329 0.309502 -0.119096
0.001879 -0.007228 0.017812 0.014418 0.006630 -0.002936 -0.085518 0.071146 0.011880 0.001346 -0.001516 0.006882 0.022697 -0.081781 0.039934 0.017561 -0.002618 -0.017083 -0.147686 1.181632 -0.024684 -0.003405 -0.079619 0.029787
0.005637 0.005927 0.002568 0.001859 0.010012 0.006542 -0.049686 -0.001282 0.063781 0.002962 -0.007347 -0.000435 0.020426 0.060419 -0.007931 0.037731 0.026560 0.023517 -0.203179 -0.024684 1.412442 -0.047516 -0.154567 -0.014529
0.009952 0.001965 0.010901 0.004263 0.005172 0.009292 -0.076378 0.009050 0.009664 0.043211 -0.000490 0.001204 0.015930 -0.080116 0.011857 -0.009702 0.034325 0.005914 -0.136329 -0.003405 -0.047516 1.271320 -0.127297 -0.009270
-0.037974 0.009724 -0.034979 -0.028454 -0.042390 -0.020244 0.144678 -0.051490 -0.049289 -0.016763 0.088071 -0.039034 -0.129150 0.145589 -0.031800 -0.029438 -0.091821 0.052691 0.309502 -0.079619 -0.154567 -0.127297 1.817345 -0.214851
0.013277 -0.028614 0.017996 0.018457 0.031254 0.005470 -0.095989 0.022014 0.016261 0.000754 -0.010937 0.100657 -0.001582 -0.193959 0.020024 0.031830 0.057389 -0.035221 -0.119096 0.029787 -0.014529 -0.009270 -0.214851 1.437500
1.142720 0.017553 -0.055071 0.003496 0.006716 0.018573 0.010669 -0.039593 0.006742 0.001390 -0.003285 0.015348 0.110519 0.005684 -0.054921 0.008077 0.019500 0.018455 -0.001624 -0.057913 0.010017 -0.001972 -0.000697 -0.043438
0.017553 1.102470 0.013572 0.005683 -0.000397 0.003820 0.000317 -0.013777 0.002858 0.004400 0.001509 -0.010349 0.007986 0.048916 -0.017346 0.007277 -0.001468 0.001561 -0.001271 -0.025581 0.009748 0.000556 0.002541 -0.020773
-0.055071 0.013572 1.386760 -0.003683 -0.042738 -0.034377 -0.009642 0.059724 -0.005649 -0.002552 -0.006843 -0.050688 -0.074670 -0.017864 0.199404 -0.033301 -0.049154 -0.036621 -0.000728 0.071549 -0.019828 0.020177 -0.016050 0.035253
0.003496 0.005683 -0.003683 1.091323 0.020972 0.000209 0.000291 -0.037216 0.011921 0.007743 0.005413 0.004153 0.012053 0.004061 -0.027581 0.055406 0.005565 0.005673 -0.002538 -0.044567 0.022432 -0.002379 0.007372 -0.028369
0.006716 -0.000397 -0.042738 0.020972 1.139202 0.017992 -0.006805 -0.068950 0.005459 0.013793 0.009896 0.008612 0.011523 0.002406 -0.033603 0.006147 0.090632 0.004679 -0.007131 -0.049965 0.009298 0.012080 0.006883 -0.027444
0.018573 0.003820 -0.034377 0.000209 0.017992 1.132558 0.010332 -0.102027 0.001208 0.009874 0.015640 0.008669 0.035679 0.003486 -0.041905 0.006252 0.007695 0.092810 0.000737 -0.083946 0.005924 0.013014 0.011134 -0.033438
0.010669 0.000317 -0.009642 0.000291 -0.006805 0.010332 1.109026 -0.050046 -0.003021 -0.002009 0.003592 0.009443 0.005710 0.004327 -0.007262 0.004151 -0.002531 -0.003578 0.062984 -0.039622 -0.001856 0.000803 0.003568 -0.015449
-0.039593 -0.013777 0.059724 -0.037216 -0.068950 -0.102027 -0.050046 1.804665 -0.053864 -0.091864 -0.063072 -0.065910 -0.100798 -0.023334 0.082438 -0.058423 -0.072822 -0.072426 -0.061010 0.460164 -0.087703 -0.096782 -0.053528 0.095380
0.006742 0.002858 -0.005649 0.011921 0.005459 0.001208 -0.003021 -0.053864 1.085963 0.009771 -0.002936 -0.006599 0.022488 0.004516 -0.028787 0.020271 0.002682 0.009630 -0.005222 -0.051072 0.064962 -0.002784 0.003706 -0.038295
0.001390 0.004400 -0.002552 0.007743 0.013793 0.009874 -0.002009 -0.091864 0.009771 1.102612 0.015305 -0.006747 0.014465 0.004912 -0.010176 0.001530 0.019342 0.008568 0.000906 -0.061961 0.005574 0.069348 0.004473 -0.036807
-0.003285 0.001509 -0.006843 0.005413 0.009896 0.015640 0.003592 -0.063072 -0.002936 0.015305 1.097820 0.016867 0.000334 0.002740 -0.018742 0.006113 0.003026 0.013574 0.002228 -0.043498 0.003014 0.006532 0.060558 -0.018827
0.015348 -0.010349 -0.050688 0.004153 0.008612 0.008669 0.009443 -0.065910 -0.006599 -0.006747 0.016867 1.185965 -0.001647 -0.007150 -0.023347 0.008596 0.000836 0.004488 0.014825 -0.035646 -0.005128 -0.003009 -0.001019 0.081506
0.110519 0.007986 -0.074670 0.012053 0.011523 0.035679 0.005710 -0.100798 0.022488 0.014465 0.000334 -0.001647 1.436429 -0.006952 -0.206939 0.028865 0.074230 0.066837 -0.021850 -0.146345 0.042549 0.004348 -0.007005 -0.218251
0.005684 0.048916 -0.017864 0.004061 0.002406 0.003486 0.004327 -0.023334 0.004516 0.004912 0.002740 -0.007150 -0.006952 1.155822 -0.087631 0.007733 -0.000518 0.004811 0.015730 -0.072726 0.023133 0.013010 0.010203 -0.079036
-0.054921 -0.017346 0.199404 -0.027581 -0.033603 -0.041905 -0.007262 0.082438 -0.028787 -0.010176 -0.018742 -0.023347 -0.206939 -0.087631 1.701295 -0.116824 -0.164229 -0.125032 0.036053 0.269404 -0.081759 0.063469 -0.060168 0.113805
0.008077 0.007277 -0.033301 0.055406 0.006147 0.006252 0.004151 -0.058423 0.020271 0.001530 0.006113 0.008596 0.028865 0.007733 -0.116824 1.170880 -0.016498 0.000760 -0.003214 -0.097277 0.054144 -0.016716 0.023608 -0.044951
0.019500 -0.001468 -0.049154 0.005565 0.090632 0.007695 -0.002531 -0.072822 0.002682 0.019342 0.003026 0.000836 0.074230 -0.000518 -0.164229 -0.016498 1.418399 -0.045303 -0.036108 -0.132065 0.013769 0.038937 -0.003092 -0.066559
0.018455 0.001561 -0.036621 0.005673 0.004679 0.092810 -0.003578 -0.072426 0.009630 0.008568 0.013574 0.004488 0.066837 0.004811 -0.125032 0.000760 -0.045303 1.453691 -0.054968 -0.230764 0.015288 0.022423 0.036496 -0.084702
-0.001624 -0.001271 -0.000728 -0.002538 -0.007131 0.000737 0.062984 -0.061010 -0.005222 0.000906 0.002228 0.014825 -0.021850 0.015730 0.036053 -0.003214 -0.036108 -0.054968 1.256440 -0.160706 -0.014169 0.025439 -0.003344 0.028192
-0.057913 -0.025581 0.071549 -0.044567 -0.049965 -0.083946 -0.039622 0.460164 -0.051072 -0.061961 -0.043498 -0.035646 -0.146345 -0.072726 0.269404 -0.097277 -0.132065 -0.230764 -0.160706 2.132114 -0.159483 -0.231744 -0.102384 0.286125
0.010017 0.009748 -0.019828 0.022432 0.009298 0.005924 -0.001856 -0.087703 0.064962 0.005574 0.003014 -0.005128 0.042549 0.023133 -0.081759 0.054144 0.013769 0.015288 -0.014169 -0.159483 1.188374 -0.026790 0.008875 -0.085369
-0.001972 0.000556 0.020177 -0.002379 0.012080 0.013014 0.000803 -0.096782 -0.002784 0.069348 0.006532 -0.003009 0.004348 0.013010 0.063469 -0.016716 0.038937 0.022423 0.025439 -0.231744 -0.026790 1.387082 -0.032909 -0.138297
-0.000697 0.002541 -0.016050 0.007372 0.006883 0.011134 0.003568 -0.053528 0.003706 0.004473 0.060558 -0.001019 -0.007005 0.010203 -0.060168 0.023608 -0.003092 0.036496 -0.003344 -0.102384 0.008875 -0.032909 1.232138 -0.113388
-0.043438 -0.020773 0.035253 -0.028369 -0.027444 -0.033438 -0.015449 0.095380 -0.038295 -0.036807 -0.018827 0.081506 -0.218251 -0.079036 0.113805 -0.044951 -0.066559 -0.084702 0.028192 0.286125 -0.085369 -0.138297 -0.113388 1.779861
1.242761 0.014385 -0.016245 -0.056143 0.008692 0.020065 0.013319 0.019525 -0.068359 -0.007769 -0.016357 0.018320 0.098141 -0.003085 -0.013532 -0.028322 0.012834 0.004810 0.005276 0.029576 -0.043036 -0.007032 -0.014610 0.002111
0.014385 1.143517 0.026636 -0.042446 0.007907 0.009233 0.008290 0.006285 -0.018168 0.006324 0.000441 0.000533 -0.034835 0.097824 0.005779 -0.049159 0.007705 0.020731 0.005685 -0.009131 -0.033817 0.005546 -0.010900 0.004716
-0.016245 0.026636 1.126109 0.011255 0.006439 -0.001927 0.004374 0.006692 -0.009796 0.006041 0.011899 0.001836 -0.038062 0.009110 0.062038 -0.021259 0.003837 0.003855 -0.000444 0.006000 -0.036538 0.008235 0.012485 0.004134
-0.056143 -0.042446 0.011255 1.392679 0.004349 -0.054416 -0.019206 -0.010805 0.052651 0.001886 0.000189 -0.003166 -0.002544 -0.052553 -0.012488 0.204864 -0.025291 -0.065959 -0.025972 0.017769 0.034199 -0.015511 0.031813 -0.015937
0.008692 0.007907 0.006439 0.004349 1.093171 0.020718 0.002761 -0.002093 -0.031003 0.008159 0.009502 0.008229 -0.030919 0.019109 0.004771 -0.026730 0.054557 0.008857 -0.000718 -0.000853 -0.041870 0.019252 -0.001966 0.008776
0.020065 0.009233 -0.001927 -0.054416 0.020718 1.183859 0.017992 -0.010784 -0.092397 0.003148 0.022564 0.014435 -0.025366 0.006939 0.002868 -0.047433 0.004191 0.126593 0.000459 0.000009 -0.071811 0.009419 0.009088 0.009129
0.013319 0.008290 0.004374 -0.019206 0.002761 0.017992 1.090871 0.010717 -0.074333 0.000840 0.007851 0.010142 -0.029419 0.018865 0.003673 -0.026190 0.003477 0.010511 0.066776 0.000258 -0.059505 0.005228 0.008578 0.013077
0.019525 0.006285 0.006692 -0.010805 -0.002093 -0.010784 0.010717 1.135771 -0.061887 -0.004404 -0.005742 0.004275 0.001304 -0.000093 0.011739 -0.008675 0.000326 -0.008074 0.001519 0.087625 -0.058172 -0.003286 -0.001385 0.006224
-0.068359 -0.018168 -0.009796 0.052651 -0.031003 -0.092397 -0.074333 -0.061887 1.776767 -0.040688 -0.115559 -0.049475 0.126780 -0.063024 -0.036454 0.071483 -0.030441 -0.111228 -0.051736 -0.085138 0.490952 -0.064938 -0.148547 -0.051952
-0.007769 0.006324 0.006041 0.001886 0.008159 0.003148 0.000840 -0.004404 -0.040688 1.086683 0.010613 0.000018 -0.029088 0.015398 0.007821 -0.027067 0.016572 0.003895 0.001482 -0.005325 -0.044672 0.062336 0.001651 0.002349
-0.016357 0.000441 0.011899 0.000189 0.009502 0.022564 0.007851 -0.005742 -0.115559 0.010613 1.155162 0.017921 -0.063481 0.008684 0.025388 -0.022605 0.000658 0.044516 -0.004231 0.005295 -0.087818 0.006996 0.108859 0.004776
0.018320 0.000533 0.001836 -0.003166 0.008229 0.014435 0.010142 0.004275 -0.049475 0.000018 0.017921 1.073964 -0.021579 0.004991 0.003591 -0.021149 0.004803 0.007243 0.011422 0.002903 -0.038924 0.005687 0.006355 0.043263
0.098141 -0.034835 -0.038062 -0.002544 -0.030919 -0.025366 -0.029419 0.001304 0.126780 -0.029088 -0.063481 -0.021579 1.855629 -0.172149 -0.105479 0.070151 -0.021619 -0.062669 -0.066472 0.032600 0.298890 -0.078865 -0.229210 -0.107006
-0.003085 0.097824 0.009110 -0.052553 0.019109 0.006939 0.018865 -0.000093 -0.063024 0.015398 0.008684 0.004991 -0.172149 1.345163 -0.013504 -0.163619 0.030576 0.030794 0.059774 -0.042670 -0.080426 0.039902 -0.017198 0.003408
-0.013532 0.005779 0.062038 -0.012488 0.004771 0.002868 0.003673 0.011739 -0.036454 0.007821 0.025388 0.003591 -0.105479 -0.013504 1.199615 -0.110650 -0.003420 0.017049 0.004029 0.038630 -0.107937 0.023778 0.054001 0.008438
-0.028322 -0.049159 -0.021259 0.204864 -0.026730 -0.047433 -0.026190 -0.008675 0.071483 -0.027067 -0.022605 -0.021149 0.070151 -0.163619 -0.110650 1.770931 -0.111439 -0.217935 -0.101001 0.050065 0.238672 -0.081185 0.051240 -0.059740
0.012834 0.007705 0.003837 -0.025291 0.054557 0.004191 0.003477 0.000326 -0.030441 0.016572 0.000658 0.004803 -0.021619 0.030576 -0.003420 -0.111439 1.173284 -0.022269 -0.008327 -0.011872 -0.065709 0.046831 -0.021169 0.014364
0.004810 0.020731 0.003855 -0.065959 0.008857 0.126593 0.010511 -0.008074 -0.111228 0.003895 0.044516 0.007243 -0.062669 0.030794 0.017049 -0.217935 -0.022269 1.535084 -0.041454 -0.054344 -0.177867 0.021486 0.069998 -0.003714
0.005276 0.005685 -0.000444 -0.025972 -0.000718 0.000459 0.066776 0.001519 -0.051736 0.001482 -0.004231 0.011422 -0.066472 0.059774 0.004029 -0.101001 -0.008327 -0.041454 1.357812 -0.061296 -0.163494 0.007146 0.010068 0.039691
0.029576 -0.009131 0.006000 0.017769 -0.000853 0.000009 0.000258 0.087625 -0.085138 -0.005325 0.005295 0.002903 0.032600 -0.042670 0.038630 0.050065 -0.011872 -0.054344 -0.061296 1.409244 -0.268492 -0.022743 0.039177 0.005180
-0.043036 -0.033817 -0.036538 0.034199 -0.041870 -0.071811 -0.059505 -0.058172 0.490952 -0.044672 -0.087818 -0.038924 0.298890 -0.080426 -0.107937 0.238672 -0.065709 -0.177867 -0.163494 -0.268492 2.214104 -0.131779 -0.311350 -0.088629
-0.007032 0.005546 0.008235 -0.015511 0.019252 0.009419 0.005228 -0.003286 -0.064938 0.062336 0.006996 0.005687 -0.078865 0.039902 0.023778 -0.081185 0.046831 0.021486 0.007146 -0.022743 -0.131779 1.175681 -0.023854 0.007489
-0.014610 -0.010900 0.012485 0.031813 -0.001966 0.009088 0.008578 -0.001385 -0.148547 0.001651 0.108859 0.006355 -0.229210 -0.017198 0.054001 0.051240 -0.021169 0.069998 0.010068 0.039177 -0.311350 -0.023854 1.513114 -0.031493
0.002111 0.004716 0.004134 -0.015937 0.008776 0.009129 0.013077 0.006224 -0.051952 0.002349 0.004776 0.043263 -0.107006 0.003408 0.008438 -0.059740 0.014364 -0.003714 0.039691 0.005180 -0.088629 0.007489 -0.031493 1.199977
1.090304 0.022495 0.001732 0.005951 -0.002517 0.009990 0.014256 0.017052 0.005035 -0.060282 0.004003 0.026197 0.055398 -0.036773 0.007055 0.006609 -0.028568 0.010718 0.010707 0.013480 0.007007 -0.060116 0.005829 0.013221
0.022495 1.172932 0.019738 -0.000636 -0.027894 0.006949 0.013453 0.011028 0.008315 -0.046017 0.000016 -0.005083 0.001367 0.053848 0.004102 -0.004282 -0.016806 0.007316 0.012846 0.010079 0.007106 -0.039888 -0.000424 0.000461
0.001732 0.019738 1.143294 0.022924 -0.032948 0.004091 0.012773 0.009198 0.003136 -0.016513 0.006523 -0.001550 -0.000595 -0.033681 0.102184 0.004015 -0.048684 0.006874 0.028735 0.007685 -0.009445 -0.040082 0.006288 -0.003620
0.005951 -0.000636 0.022924 1.091921 0.016646 0.003522 -0.000507 0.000700 0.001189 -0.010036 0.004887 0.005388 0.006896 -0.032289 0.016044 0.045588 -0.014136 0.003283 0.001952 0.000167 0.000652 -0.033046 0.007599 0.006835
-0.002517 -0.027894 -0.032948 0.016646 1.331851 0.000023 -0.037412 -0.026025 -0.005521 0.028837 -0.000815 -0.012277 -0.007287 0.000116 -0.035334 -0.011532 0.182282 -0.021635 -0.056364 -0.025428 0.021661 0.018252 -0.012981 0.021052
0.009990 0.006949 0.004091 0.003522 0.000023 1.107896 0.018348 0.000719 -0.001168 -0.043537 0.020741 0.010024 0.011025 -0.038286 0.012781 0.013849 -0.034046 0.064857 0.005317 -0.001359 0.010796 -0.061030 0.032171 0.004842
0.014256 0.013453 0.012773 -0.000507 -0.037412 0.018348 1.134840 0.015624 -0.006284 -0.078410 0.006597 0.031093 0.002966 -0.029451 0.016016 0.005130 -0.045322 0.007582 0.100962 0.001156 -0.007436 -0.050500 0.008722 0.019330
0.017052 0.011028 0.009198 0.000700 -0.026025 0.000719 0.015624 1.134253 0.009171 -0.097246 0.001947 0.007942 0.020457 -0.036636 0.030503 0.006643 -0.047584 0.006524 0.003044 0.101019 -0.004387 -0.086693 0.009284 0.003196
0.005035 0.008315 0.003136 0.001189 -0.005521 -0.001168 -0.006284 0.009171 1.105811 -0.039222 -0.003582 -0.007624 0.008858 -0.006364 -0.000204 0.008364 -0.007068 0.004007 -0.003087 -0.001904 0.060792 -0.040218 -0.001829 -0.001994
