0.189876 0.005253 -0.006809 -0.007315 -0.003885 0.028368 -0.002901 0.020091 0.001751 -0.004429 -0.011590 -0.001242
0.005253 0.440596 0.008279 -0.039592 -0.054350 -0.009113 0.025897 0.007739 0.046563 -0.010668 -0.025803 -0.090395
-0.006809 0.008279 0.170723 0.020986 -0.017606 -0.005861 -0.007569 0.026542 0.011377 0.018178 0.009711 -0.018058
-0.007315 -0.039592 0.020986 0.197950 0.017833 -0.012543 -0.026459 0.002785 0.021824 0.008902 0.020151 0.005816
-0.003885 -0.054350 -0.017606 0.017833 0.308597 0.001566 -0.061587 -0.014675 0.001948 0.029536 0.008160 0.027356
0.028368 -0.009113 -0.005861 -0.012543 0.001566 0.215898 -0.003893 -0.011005 -0.010697 -0.002628 0.024453 -0.001593
-0.002901 0.025897 -0.007569 -0.026459 -0.061587 -0.003893 0.415374 -0.005890 -0.049615 -0.029732 -0.003517 0.023172
0.020091 0.007739 0.026542 0.002785 -0.014675 -0.011005 -0.005890 0.148019 0.007067 -0.010933 -0.003197 -0.007280
0.001751 0.046563 0.011377 0.021824 0.001948 -0.010697 -0.049615 0.007067 0.200862 0.004222 -0.015866 -0.027421
-0.004429 -0.010668 0.018178 0.008902 0.029536 -0.002628 -0.029732 -0.010933 0.004222 0.191397 0.006505 -0.031470
-0.011590 -0.025803 0.009711 0.020151 0.008160 0.024453 -0.003517 -0.003197 -0.015866 0.006505 0.173203 0.003357
-0.001242 -0.090395 -0.018058 0.005816 0.027356 -0.001593 0.023172 -0.007280 -0.027421 -0.031470 0.003357 0.347734
0.173798 0.021371 -0.005628 -0.092885 0.008372 0.021043 0.011859 0.020975 0.007432 -0.003218 -0.049909 0.013408
0.021371 0.096693 0.017851 -0.079748 0.006279 0.011869 0.010924 0.007763 0.010070 0.004058 -0.016469 0.001215
-0.005628 0.017851 0.137328 -0.029862 0.003993 -0.002433 0.005686 0.013408 0.011234 0.003072 -0.010054 0.002435
-0.092885 -0.079748 -0.029862 0.863867 -0.026433 -0.122476 -0.055263 -0.048215 -0.006986 0.011263 0.009901 -0.018213
0.008372 0.006279 0.003993 -0.026433 0.093277 0.014568 0.000465 -0.009066 0.005006 0.003134 -0.000072 0.006394
0.021043 0.011869 -0.002433 -0.122476 0.014568 0.157009 0.019704 -0.016576 -0.004125 0.003002 0.006693 0.012196
0.011859 0.010924 0.005686 -0.055263 0.000465 0.019704 0.083467 0.015235 -0.002512 -0.001467 -0.004980 0.005408
0.020975 0.007763 0.013408 -0.048215 -0.009066 -0.016576 0.015235 0.204493 0.005945 -0.016573 -0.037232 0.003974
0.007432 0.010070 0.011234 -0.006986 0.005006 -0.004125 -0.002512 0.005945 0.139535 0.012449 -0.047508 0.003076
-0.003218 0.004058 0.003072 0.011263 0.003134 0.003002 -0.001467 -0.016573 0.012449 0.098778 -0.007189 -0.000959
-0.049909 -0.016469 -0.010054 0.009901 -0.000072 0.006693 -0.004980 -0.037232 -0.047508 -0.007189 0.376682 -0.004162
0.013408 0.001215 0.002435 -0.018213 0.006394 0.012196 0.005408 0.003974 0.003076 -0.000959 -0.004162 0.071589
0.083006 0.019738 0.007176 0.003830 -0.030746 0.008952 0.009165 0.012533 0.004841 0.004675 0.008958 0.017618
0.019738 0.120669 0.040270 0.011248 -0.072686 0.000559 0.006102 0.010745 0.004351 0.004384 0.004749 -0.015682
0.007176 0.040270 0.137148 0.036978 -0.109449 -0.000240 0.009709 0.016852 0.009569 0.014718 0.014200 -0.007668
0.003830 0.011248 0.036978 0.166323 -0.048572 -0.000075 -0.002207 0.000623 0.001502 -0.001080 0.006693 0.008142
-0.030746 -0.072686 -0.109449 -0.048572 0.875780 -0.024650 -0.073819 -0.049577 -0.077778 -0.070683 0.012921 0.049727
0.008952 0.000559 -0.000240 -0.000075 -0.024650 0.089160 0.013357 0.000274 -0.007211 -0.001298 0.003955 0.006904
0.009165 0.006102 0.009709 -0.002207 -0.073819 0.013357 0.102628 0.011299 -0.007383 -0.006695 0.004845 0.017979
0.012533 0.010745 0.016852 0.000623 -0.049577 0.000274 0.011299 0.086536 0.015396 -0.004013 0.000272 -0.000401
0.004841 0.004351 0.009569 0.001502 -0.077778 -0.007211 -0.007383 0.015396 0.215233 0.002927 -0.007993 -0.032322
0.004675 0.004384 0.014718 -0.001080 -0.070683 -0.001298 -0.006695 -0.004013 0.002927 0.242987 0.007599 -0.060248
0.008958 0.004749 0.014200 0.006693 0.012921 0.003955 0.004845 0.000272 -0.007993 0.007599 0.089838 0.008158
0.017618 -0.015682 -0.007668 0.008142 0.049727 0.006904 0.017979 -0.000401 -0.032322 -0.060248 0.008158 0.304761
0.421299 -0.002576 -0.054587 -0.031924 -0.010701 0.035062 0.001104 0.006763 -0.001640 -0.041391 -0.057874 -0.007740
-0.002576 0.084189 0.024888 0.001512 0.002281 -0.023705 0.007790 0.010851 0.006700 0.004767 0.006023 0.002649
-0.054587 0.024888 0.170139 0.023651 -0.004402 -0.101020 0.008304 0.025200 0.013602 0.012518 0.009710 -0.001658
-0.031924 0.001512 0.023651 0.132036 0.013327 -0.103694 0.001636 0.010903 0.011252 0.005672 0.014625 0.003585
-0.010701 0.002281 -0.004402 0.013327 0.130425 -0.040808 0.002361 -0.004802 0.005775 0.011011 0.007710 0.002426
0.035062 -0.023705 -0.101020 -0.103694 -0.040808 0.948355 -0.033218 -0.130093 -0.052031 -0.051556 -0.015009 -0.004319
0.001104 0.007790 0.008304 0.001636 0.002361 -0.033218 0.082400 0.011504 -0.000483 -0.007683 0.003367 0.001880
0.006763 0.010851 0.025200 0.010903 -0.004802 -0.130093 0.011504 0.157873 0.013035 -0.018995 -0.004601 0.005536
-0.001640 0.006700 0.013602 0.011252 0.005775 -0.052031 -0.000483 0.013035 0.073992 0.013696 -0.002920 0.002353
-0.041391 0.004767 0.012518 0.005672 0.011011 -0.051556 -0.007683 -0.018995 0.013696 0.199421 0.002987 -0.011725
-0.057874 0.006023 0.009710 0.014625 0.007710 -0.015009 0.003367 -0.004601 -0.002920 0.002987 0.151738 0.012678
-0.007740 0.002649 -0.001658 0.003585 0.002426 -0.004319 0.001880 0.005536 0.002353 -0.011725 0.012678 0.086563
0.062948 0.021375 0.013495 0.003320 -0.000006 -0.006823 0.014668 -0.002749 0.005355 -0.000260 -0.019382 -0.006036
0.021375 0.221667 -0.003795 0.005896 0.001291 -0.025351 -0.127453 -0.007357 0.011629 -0.008104 -0.049968 -0.023915
0.013495 -0.003795 0.144846 0.027990 0.005261 -0.013619 -0.016839 0.004452 0.013386 0.014246 -0.017949 -0.002605
0.003320 0.005896 0.027990 0.073218 0.028415 -0.000493 -0.032263 0.009210 -0.004044 0.000831 0.006866 0.019035
-0.000006 0.001291 0.005261 0.028415 0.102717 0.015210 -0.068722 0.009810 0.002880 -0.001649 0.020137 0.018287
-0.006823 -0.025351 -0.013619 -0.000493 0.015210 0.102656 0.018879 0.002720 -0.001534 0.004820 0.007591 0.019747
0.014668 -0.127453 -0.016839 -0.032263 -0.068722 0.018879 0.941960 0.001215 -0.045353 -0.062762 -0.064487 0.037714
-0.002749 -0.007357 0.004452 0.009210 0.009810 0.002720 0.001215 0.059776 0.002595 0.000881 -0.003635 0.027910
0.005355 0.011629 0.013386 -0.004044 0.002880 -0.001534 -0.045353 0.002595 0.041320 0.015443 -0.002374 -0.001583
-0.000260 -0.008104 0.014246 0.000831 -0.001649 0.004820 -0.062762 0.000881 0.015443 0.110889 0.017565 -0.011830
-0.019382 -0.049968 -0.017949 0.006866 0.020137 0.007591 -0.064487 -0.003635 -0.002374 0.017565 0.241089 0.004814
-0.006036 -0.023915 -0.002605 0.019035 0.018287 0.019747 0.037714 0.027910 -0.001583 -0.011830 0.004814 0.178710
0.145781 0.018040 -0.058434 0.003850 0.008334 0.019286 0.010133 -0.040832 0.006158 0.000728 -0.002152 0.015791
0.018040 0.101996 0.011549 0.005888 0.000820 0.003901 0.000714 -0.013977 0.002489 0.005708 0.001872 -0.009029
-0.058434 0.011549 0.391002 -0.005115 -0.041123 -0.037007 -0.009184 0.059590 -0.005708 -0.000070 -0.006700 -0.049501
0.003850 0.005888 -0.005115 0.090305 0.020944 0.000587 0.000393 -0.036262 0.009913 0.008043 0.005674 0.004956
0.008334 0.000820 -0.041123 0.020944 0.131226 0.017935 -0.006450 -0.066104 0.005062 0.014372 0.009079 0.009191
0.019286 0.003901 -0.037007 0.000587 0.017935 0.134787 0.010014 -0.101203 0.000702 0.009471 0.013906 0.010317
0.010133 0.000714 -0.009184 0.000393 -0.006450 0.010014 0.111969 -0.048416 -0.002846 -0.003039 0.003872 0.008720
-0.040832 -0.013977 0.059590 -0.036262 -0.066104 -0.101203 -0.048416 0.805886 -0.049542 -0.094937 -0.057395 -0.065048
0.006158 0.002489 -0.005708 0.009913 0.005062 0.000702 -0.002846 -0.049542 0.083412 0.009315 -0.002743 -0.006730
0.000728 0.005708 -0.000070 0.008043 0.014372 0.009471 -0.003039 -0.094937 0.009315 0.109319 0.013324 -0.008065
-0.002152 0.001872 -0.006700 0.005674 0.009079 0.013906 0.003872 -0.057395 -0.002743 0.013324 0.093355 0.015929
0.015791 -0.009029 -0.049501 0.004956 0.009191 0.010317 0.008720 -0.065048 -0.006730 -0.008065 0.015929 0.183486
0.244145 0.014708 -0.016140 -0.057017 0.008237 0.020030 0.013974 0.018690 -0.069546 -0.005604 -0.017257 0.018467
0.014708 0.143686 0.026212 -0.042130 0.007481 0.008786 0.008861 0.006524 -0.018048 0.005281 -0.001371 0.001151
-0.016140 0.026212 0.125922 0.011120 0.006667 -0.001650 0.004431 0.006271 -0.007022 0.004495 0.010178 0.001891
-0.057017 -0.042130 0.011120 0.395521 0.006516 -0.052354 -0.018031 -0.010112 0.044782 0.001672 0.001019 -0.002691
0.008237 0.007481 0.006667 0.006516 0.093313 0.021026 0.002620 -0.002025 -0.028980 0.006929 0.008836 0.007684
0.020030 0.008786 -0.001650 -0.052354 0.021026 0.182746 0.016813 -0.010514 -0.089967 0.002520 0.021798 0.014466
0.013974 0.008861 0.004431 -0.018031 0.002620 0.016813 0.089868 0.010628 -0.073261 0.001300 0.008384 0.010097
0.018690 0.006524 0.006271 -0.010112 -0.002025 -0.010514 0.010628 0.132151 -0.060471 -0.004128 -0.004985 0.004646
-0.069546 -0.018048 -0.007022 0.044782 -0.028980 -0.089967 -0.073261 -0.060471 0.782390 -0.041318 -0.122655 -0.050175
-0.005604 0.005281 0.004495 0.001672 0.006929 0.002520 0.001300 -0.004128 -0.041318 0.085647 0.010771 0.000174
-0.017257 -0.001371 0.010178 0.001019 0.008836 0.021798 0.008384 -0.004985 -0.122655 0.010771 0.162869 0.017549
0.018467 0.001151 0.001891 -0.002691 0.007684 0.014466 0.010097 0.004646 -0.050175 0.000174 0.017549 0.073593
0.092108 0.024087 0.002740 0.005429 -0.007186 0.003911 0.012214 0.017583 0.004779 -0.056228 0.000309 0.020892
0.024087 0.190481 0.017798 -0.003312 -0.031299 0.002867 0.013024 0.009491 0.009840 -0.063220 -0.005137 -0.006407
0.002740 0.017798 0.207086 0.024364 -0.050270 0.006745 0.024975 0.020727 0.003316 -0.059132 0.009517 0.004771
0.005429 -0.003312 0.024364 0.095255 0.015268 0.005235 0.001285 -0.001335 -0.002245 -0.012850 0.003904 0.009624
-0.007186 -0.031299 -0.050270 0.015268 0.299751 0.006709 -0.028977 -0.033755 -0.008514 0.049767 -0.000329 -0.004964
0.003911 0.002867 0.006745 0.005235 0.006709 0.078372 0.015889 -0.001328 0.001457 -0.019284 0.004878 0.004158
0.012214 0.013024 0.024975 0.001285 -0.028977 0.015889 0.122609 0.017598 -0.005544 -0.067615 0.008824 0.013197
0.017583 0.009491 0.020727 -0.001335 -0.033755 -0.001328 0.017598 0.173633 0.011511 -0.128418 0.002361 0.010367
0.004779 0.009840 0.003316 -0.002245 -0.008514 0.001457 -0.005544 0.011511 0.103127 -0.047103 -0.001781 -0.004669
-0.056228 -0.063220 -0.059132 -0.012850 0.049767 -0.019284 -0.067615 -0.128418 -0.047103 0.729317 -0.041652 -0.101853
0.000309 -0.005137 0.009517 0.003904 -0.000329 0.004878 0.008824 0.002361 -0.001781 -0.041652 0.078322 0.009494
0.020892 -0.006407 0.004771 0.009624 -0.004964 0.004158 0.013197 0.010367 -0.004669 -0.101853 0.009494 0.122010
0.140133 0.020423 -0.012385 0.001328 0.006356 -0.000790 0.012052 0.023072 0.009038 0.000548 -0.100688 0.012420
0.020423 0.082631 0.030708 0.002514 0.003170 -0.000902 0.006358 0.016265 0.009602 0.006075 -0.046204 -0.000408
-0.012385 0.030708 0.253701 0.019122 -0.010445 -0.037574 0.003524 0.018406 0.007925 0.006162 -0.050389 -0.009309
0.001328 0.002514 0.019122 0.166365 0.022423 -0.045121 0.004210 0.009248 0.017682 0.007521 -0.032293 0.007495
0.006356 0.003170 -0.010445 0.022423 0.101776 0.008484 0.000944 -0.001615 0.004430 0.002328 -0.009954 0.006076
-0.000790 -0.000902 -0.037574 -0.045121 0.008484 0.354667 0.000626 -0.042634 -0.022847 -0.006620 0.028218 -0.000507
0.012052 0.006358 0.003524 0.004210 0.000944 0.000626 0.077244 0.014985 -0.000281 0.000646 -0.024864 0.010765
0.023072 0.016265 0.018406 0.009248 -0.001615 -0.042634 0.014985 0.147682 0.013997 -0.005128 -0.080434 0.006697
0.009038 0.009602 0.007925 0.017682 0.004430 -0.022847 -0.000281 0.013997 0.100710 0.009468 -0.075395 0.000890
0.000548 0.006075 0.006162 0.007521 0.002328 -0.006620 0.000646 -0.005128 0.009468 0.094556 -0.038914 -0.000690
-0.100688 -0.046204 -0.050389 -0.032293 -0.009954 0.028218 -0.024864 -0.080434 -0.075395 -0.038914 0.689383 -0.028535
0.012420 -0.000408 -0.009309 0.007495 0.006076 -0.000507 0.010765 0.006697 0.000890 -0.000690 -0.028535 0.094470
0.112800 0.012978 0.002767 -0.004202 0.016328 0.003418 0.016719 0.009178 0.012973 0.004374 0.006179 -0.020153
0.012978 0.187709 0.038753 0.001103 0.005661 0.007001 0.019017 0.019414 0.016320 0.009764 -0.000226 -0.112926
0.002767 0.038753 0.139827 0.031715 -0.006333 -0.002919 -0.010689 0.025911 0.016803 0.009898 0.007524 -0.039555
-0.004202 0.001103 0.031715 0.186077 0.002039 -0.004224 -0.006719 0.014224 0.016232 0.011704 0.014974 -0.025944
0.016328 0.005661 -0.006333 0.002039 0.228133 0.029929 -0.028624 -0.002562 0.022438 0.026010 0.011718 -0.039183
0.003418 0.007001 -0.002919 -0.004224 0.029929 0.078891 0.011586 -0.002315 0.008086 0.005117 -0.003290 0.009192
0.016719 0.019017 -0.010689 -0.006719 -0.028624 0.011586 0.296615 0.000235 -0.016672 0.000674 0.015278 0.004792
0.009178 0.019414 0.025911 0.014224 -0.002562 -0.002315 0.000235 0.134352 0.015844 -0.004209 0.001959 -0.045371
0.012973 0.016320 0.016803 0.016232 0.022438 0.008086 -0.016672 0.015844 0.100454 0.008144 0.000570 -0.034802
0.004374 0.009764 0.009898 0.011704 0.026010 0.005117 0.000674 -0.004209 0.008144 0.065199 0.007847 -0.040023
0.006179 -0.000226 0.007524 0.014974 0.011718 -0.003290 0.015278 0.001959 0.000570 0.007847 0.070768 -0.025757
-0.020153 -0.112926 -0.039555 -0.025944 -0.039183 0.009192 0.004792 -0.045371 -0.034802 -0.040023 -0.025757 0.595912
0.685446 -0.028400 -0.122580 -0.057717 -0.057116 -0.015878 0.001942 0.005607 -0.016373 -0.072269 -0.091027 -0.034784
-0.028400 0.100723 0.022822 0.003473 -0.005967 0.004899 0.001507 0.001196 0.006818 0.006216 0.004451 0.000125
-0.122580 0.022822 0.175409 0.025932 -0.012269 -0.007149 0.001909 0.008958 0.011746 0.022303 0.014723 -0.002457
-0.057717 0.003473 0.025932 0.118245 0.021463 -0.005091 0.000139 -0.006322 0.005476 0.013134 0.016401 0.005518
-0.057116 -0.005967 -0.012269 0.021463 0.226975 0.016277 -0.011136 -0.041040 0.005815 0.012913 0.009654 0.011276
-0.015878 0.004899 -0.007149 -0.005091 0.016277 0.176601 0.014025 -0.050829 0.000635 0.004343 0.014507 0.006910
0.001942 0.001507 0.001909 0.000139 -0.011136 0.014025 0.100805 0.007941 -0.001525 -0.004896 0.000874 0.002199
0.005607 0.001196 0.008958 -0.006322 -0.041040 -0.050829 0.007941 0.358307 -0.000224 -0.039414 -0.025609 -0.009566
-0.016373 0.006818 0.011746 0.005476 0.005815 0.000635 -0.001525 -0.000224 0.065521 0.012490 -0.000561 0.000170
-0.072269 0.006216 0.022303 0.013134 0.012913 0.004343 -0.004896 -0.039414 0.012490 0.139274 0.015331 -0.005431
-0.091027 0.004451 0.014723 0.016401 0.009654 0.014507 0.000874 -0.025609 -0.000561 0.015331 0.117307 0.011135
-0.034784 0.000125 -0.002457 0.005518 0.011276 0.006910 0.002199 -0.009566 0.000170 -0.005431 0.011135 0.107057
0.030591 0.027211 -0.015106 -0.000234 0.012873 0.007162 -0.008686 0.007155 0.022101 0.002558 -0.003015 0.001350
0.027211 0.326840 -0.126466 -0.029859 -0.011745 0.004726 0.028375 -0.008495 -0.011309 -0.019650 -0.008264 -0.032006
-0.015106 -0.126466 0.155171 0.038915 0.041590 0.009423 -0.016820 -0.005243 0.036280 -0.000994 0.024680 0.040263
-0.000234 -0.029859 0.038915 0.038095 0.015425 0.004603 -0.010516 -0.003610 0.027012 -0.005493 0.000699 0.008959
0.012873 -0.011745 0.041590 0.015425 0.105245 0.016556 -0.029032 0.001017 0.086848 0.021308 0.033213 0.020857
0.007162 0.004726 0.009423 0.004603 0.016556 0.092925 0.013934 0.007138 0.026056 0.036352 0.011359 0.024800
-0.008686 0.028375 -0.016820 -0.010516 -0.029032 0.013934 0.137974 -0.004539 -0.018523 -0.009961 -0.002825 -0.003023
0.007155 -0.008495 -0.005243 -0.003610 0.001017 0.007138 -0.004539 0.015166 0.016926 0.009079 -0.005645 -0.003017
0.022101 -0.011309 0.036280 0.027012 0.086848 0.026056 -0.018523 0.016926 0.158054 0.028358 0.019575 0.012148
0.002558 -0.019650 -0.000994 -0.005493 0.021308 0.036352 -0.009961 0.009079 0.028358 0.054652 0.018982 0.019723
-0.003015 -0.008264 0.024680 0.000699 0.033213 0.011359 -0.002825 -0.005645 0.019575 0.018982 0.037325 0.020352
0.001350 -0.032006 0.040263 0.008959 0.020857 0.024800 -0.003023 -0.003017 0.012148 0.019723 0.020352 0.037036
0.136912 0.010807 -0.103924 0.000576 0.010026 0.012801 0.006057 0.014326 0.001320 -0.023732 -0.002350 0.018174
0.010807 0.103365 0.005468 -0.003171 -0.002440 0.003569 -0.000586 0.011501 0.000054 -0.003704 0.002406 -0.002446
-0.103924 0.005468 0.763733 -0.041418 -0.093323 -0.055077 -0.024967 -0.009107 -0.006287 -0.014234 -0.012005 -0.060516
0.000576 -0.003171 -0.041418 0.133677 0.017901 -0.001117 -0.010443 -0.000438 0.005094 -0.005729 0.007604 0.007212
0.010026 -0.002440 -0.093323 0.017901 0.127824 0.020074 -0.010780 -0.004773 0.003738 0.015975 0.010739 0.013126
0.012801 0.003569 -0.055077 -0.001117 0.020074 0.109772 0.015582 -0.008729 -0.000571 -0.000458 0.007677 0.010729
0.006057 -0.000586 -0.024967 -0.010443 -0.010780 0.015582 0.182908 0.006663 -0.014277 -0.037939 0.003111 0.014963
0.014326 0.011501 -0.009107 -0.000438 -0.004773 -0.008729 0.006663 0.196404 0.008776 -0.064008 -0.001868 0.007184
0.001320 0.000054 -0.006287 0.005094 0.003738 -0.000571 -0.014277 0.008776 0.102557 0.000603 -0.003773 -0.003931
-0.023732 -0.003704 -0.014234 -0.005729 0.015975 -0.000458 -0.037939 -0.064008 0.000603 0.374096 -0.005712 -0.032583
-0.002350 0.002406 -0.012005 0.007604 0.010739 0.007677 0.003111 -0.001868 -0.003773 -0.005712 0.080867 0.014894
0.018174 -0.002446 -0.060516 0.007212 0.013126 0.010729 0.014963 0.007184 -0.003931 -0.032583 0.014894 0.118085
0.098654 0.024265 -0.000929 -0.069368 0.012071 0.021472 0.021512 0.007208 0.010366 0.002140 -0.024873 0.011870
0.024265 0.184321 0.015055 -0.145289 0.002082 0.012850 0.029813 0.010693 0.016797 -0.001166 -0.031181 -0.010007
-0.000929 0.015055 0.116653 -0.032329 0.006535 0.003607 0.000763 0.000755 0.009952 -0.003659 0.005213 0.003426
-0.069368 -0.145289 -0.032329 0.888191 -0.042704 -0.114421 -0.131537 -0.022369 -0.050914 0.018282 -0.005978 -0.021951
0.012071 0.002082 0.006535 -0.042704 0.104566 0.018602 -0.011317 -0.000224 0.002157 -0.001293 0.003631 0.006902
0.021472 0.012850 0.003607 -0.114421 0.018602 0.139689 0.014179 -0.002660 0.000016 0.003673 0.019098 0.015963
0.021512 0.029813 0.000763 -0.131537 -0.011317 0.014179 0.240671 0.010710 -0.020116 -0.008548 -0.012002 0.011934
0.007208 0.010693 0.000755 -0.022369 -0.000224 -0.002660 0.010710 0.069961 0.009502 -0.000674 -0.011584 0.003962
0.010366 0.016797 0.009952 -0.050914 0.002157 0.000016 -0.020116 0.009502 0.200922 0.008592 -0.048871 -0.005528
0.002140 -0.001166 -0.003659 0.018282 -0.001293 0.003673 -0.008548 -0.000674 0.008592 0.073066 -0.000758 -0.001360
-0.024873 -0.031181 0.005213 -0.005978 0.003631 0.019098 -0.012002 -0.011584 -0.048871 -0.000758 0.312332 0.001656
0.011870 -0.010007 0.003426 -0.021951 0.006902 0.015963 0.011934 0.003962 -0.005528 -0.001360 0.001656 0.106946
0.122091 0.012955 -0.002783 0.004455 -0.026496 0.009982 0.011136 0.012191 0.003656 -0.000989 0.000632 -0.002884
0.012955 0.061305 0.024685 0.001606 -0.039708 0.009275 0.005175 0.017809 0.005525 0.011838 0.004209 -0.017352
-0.002783 0.024685 0.177933 0.007645 -0.116907 0.002818 0.015603 0.027861 0.007376 0.012280 0.000323 -0.032630
0.004455 0.001606 0.007645 0.114815 0.011503 0.006485 0.005401 0.005027 0.000516 0.005914 -0.000503 -0.000268
-0.026496 -0.039708 -0.116907 0.011503 0.820424 -0.024030 -0.075736 -0.096884 -0.005170 0.001583 0.012805 0.023866
0.009982 0.009275 0.002818 0.006485 -0.024030 0.121508 0.017213 -0.008180 -0.000146 0.005261 0.000652 0.004541
0.011136 0.005175 0.015603 0.005401 -0.075736 0.017213 0.090108 0.023219 -0.000764 -0.002216 0.001049 0.006555
0.012191 0.017809 0.027861 0.005027 -0.096884 -0.008180 0.023219 0.214144 0.013639 -0.013318 -0.009872 -0.009435
0.003656 0.005525 0.007376 0.000516 -0.005170 -0.000146 -0.000764 0.013639 0.069007 0.014160 -0.002212 -0.014327
-0.000989 0.011838 0.012280 0.005914 0.001583 0.005261 -0.002216 -0.013318 0.014160 0.135170 0.009631 -0.042724
0.000632 0.004209 0.000323 -0.000503 0.012805 0.000652 0.001049 -0.009872 -0.002212 0.009631 0.085099 0.004183
-0.002884 -0.017352 -0.032630 -0.000268 0.023866 0.004541 0.006555 -0.009435 -0.014327 -0.042724 0.004183 0.360126
0.398001 -0.002277 -0.032181 -0.055492 -0.012034 -0.025229 0.010321 0.024171 -0.019954 -0.024228 -0.067692 -0.008201
-0.002277 0.095439 0.024632 -0.006097 0.001996 -0.022667 0.005355 0.009149 0.006549 0.006846 0.005184 0.003948
-0.032181 0.024632 0.106747 0.034390 0.000977 -0.076422 0.006821 0.012230 0.013753 0.010774 0.014996 0.002805
-0.055492 -0.006097 0.034390 0.263711 0.018020 -0.178846 -0.003018 0.006366 0.031005 0.016168 0.028819 0.002256
-0.012034 0.001996 0.000977 0.018020 0.108377 -0.024901 0.002118 -0.004050 0.002879 0.006103 0.010365 0.000648
-0.025229 -0.022667 -0.076422 -0.178846 -0.024901 0.896581 -0.032121 -0.107774 -0.106084 -0.018142 -0.031045 -0.002303
0.010321 0.005355 0.006821 -0.003018 0.002118 -0.032121 0.076332 0.012466 -0.010077 -0.000268 0.003205 0.001505
0.024171 0.009149 0.012230 0.006366 -0.004050 -0.107774 0.012466 0.121418 0.010742 -0.003619 -0.009338 0.005544
-0.019954 0.006549 0.013753 0.031005 0.002879 -0.106084 -0.010077 0.010742 0.207297 0.011181 -0.018482 -0.002032
-0.024228 0.006846 0.010774 0.016168 0.006103 -0.018142 -0.000268 -0.003619 0.011181 0.078591 0.014127 0.001273
-0.067692 0.005184 0.014996 0.028819 0.010365 -0.031045 0.003205 -0.009338 -0.018482 0.014127 0.178327 0.014733
-0.008201 0.003948 0.002805 0.002256 0.000648 -0.002303 0.001505 0.005544 -0.002032 0.001273 0.014733 0.087663
0.131530 0.013627 -0.003523 0.015218 0.025332 -0.002794 -0.033410 0.007745 0.013892 0.012329 -0.002902 0.015623
0.013627 0.270201 -0.009527 -0.020345 -0.029100 -0.009367 -0.055288 0.000102 0.028192 0.005989 -0.000732 -0.029512
-0.003523 -0.009527 0.087459 0.013059 -0.005872 0.000282 -0.004932 0.004180 -0.001198 0.012802 -0.000447 -0.018017
0.015218 -0.020345 0.013059 0.083128 0.054105 -0.010439 -0.059870 0.013045 0.002358 0.011363 0.000291 0.022715
0.025332 -0.029100 -0.005872 0.054105 0.234114 0.002832 -0.183808 0.007674 0.018053 0.019776 -0.001206 0.022979
-0.002794 -0.009367 0.000282 -0.010439 0.002832 0.129704 -0.047039 -0.009188 -0.004177 0.007145 0.008094 -0.006233
-0.033410 -0.055288 -0.004932 -0.059870 -0.183808 -0.047039 0.865604 -0.059206 -0.107636 -0.089445 -0.028527 -0.073784
0.007745 0.000102 0.004180 0.013045 0.007674 -0.009188 -0.059206 0.101019 0.000547 -0.007145 -0.005204 0.001126
0.013892 0.028192 -0.001198 0.002358 0.018053 -0.004177 -0.107636 0.000547 0.089819 0.013558 0.001206 0.015606
0.012329 0.005989 0.012802 0.011363 0.019776 0.007145 -0.089445 -0.007145 0.013558 0.145495 0.006813 -0.008089
-0.002902 -0.000732 -0.000447 0.000291 -0.001206 0.008094 -0.028527 -0.005204 0.001206 0.006813 0.094709 0.013403
0.015623 -0.029512 -0.018017 0.022715 0.022979 -0.006233 -0.073784 0.001126 0.015606 -0.008089 0.013403 0.227569
0.166039 0.012238 -0.060642 0.000057 0.010947 0.017487 0.006206 -0.023924 0.002224 -0.002543 -0.024542 0.012879
0.012238 0.092542 0.005457 0.000720 0.001154 0.010512 0.000597 -0.020145 0.004741 0.008814 -0.002447 -0.000085
-0.060642 0.005457 0.375816 -0.005630 -0.029150 -0.042574 -0.000986 0.066171 -0.009285 -0.005645 -0.029710 -0.018390
0.000057 0.000720 -0.005630 0.113594 0.021579 -0.011090 0.001288 -0.038195 0.012668 0.011733 0.006943 0.006200
0.010947 0.001154 -0.029150 0.021579 0.109621 0.016453 -0.004382 -0.068993 0.009415 0.013600 0.009625 0.009474
0.017487 0.010512 -0.042574 -0.011090 0.016453 0.244961 0.004017 -0.166967 -0.002871 0.012614 0.038663 0.010406
0.006206 0.000597 -0.000986 0.001288 -0.004382 0.004017 0.102930 -0.044954 0.002346 -0.000807 0.002237 0.004239
-0.023924 -0.020145 0.066171 -0.038195 -0.068993 -0.166967 -0.044954 0.814633 -0.054314 -0.097942 -0.152625 -0.025474
0.002224 0.004741 -0.009285 0.012668 0.009415 -0.002871 0.002346 -0.054314 0.093014 0.012829 -0.015991 0.002450
-0.002543 0.008814 -0.005645 0.011733 0.013600 0.012614 -0.000807 -0.097942 0.012829 0.109672 0.011847 0.002344
-0.024542 -0.002447 -0.029710 0.006943 0.009625 0.038663 0.002237 -0.152625 -0.015991 0.011847 0.260220 0.012306
0.012879 -0.000085 -0.018390 0.006200 0.009474 0.010406 0.004239 -0.025474 0.002450 0.002344 0.012306 0.065094
0.094775 0.030185 0.004034 -0.016017 0.010700 0.014400 0.005160 -0.001284 -0.025212 0.004409 0.002023 0.018548
0.030185 0.168153 0.025512 -0.052420 0.001562 0.010638 0.027851 0.008097 -0.029428 0.005199 0.001513 -0.011617
0.004034 0.025512 0.113693 0.007191 0.001333 0.001648 0.003070 0.001351 -0.015641 0.003543 0.006029 -0.003683
-0.016017 -0.052420 0.007191 0.381250 0.008225 -0.025642 -0.051974 -0.006437 -0.010252 0.008967 0.006086 -0.003400
0.010700 0.001562 0.001333 0.008225 0.092413 0.017651 -0.008055 -0.002701 -0.015724 0.002344 0.008296 0.013304
0.014400 0.010638 0.001648 -0.025642 0.017651 0.097457 0.019599 -0.001138 -0.061885 0.003894 0.019639 0.013973
0.005160 0.027851 0.003070 -0.051974 -0.008055 0.019599 0.288153 0.008203 -0.172250 -0.005328 0.010914 0.007551
-0.001284 0.008097 0.001351 -0.006437 -0.002701 -0.001138 0.008203 0.087318 -0.032472 0.002600 0.000784 0.000636
-0.025212 -0.029428 -0.015641 -0.010252 -0.015724 -0.061885 -0.172250 -0.032472 0.793678 -0.035065 -0.092383 -0.079977
0.004409 0.005199 0.003543 0.008967 0.002344 0.003894 -0.005328 0.002600 -0.035065 0.066358 0.010650 -0.004436
0.002023 0.001513 0.006029 0.006086 0.008296 0.019639 0.010914 0.000784 -0.092383 0.010650 0.112221 0.015061
0.018548 -0.011617 -0.003683 -0.003400 0.013304 0.013973 0.007551 0.000636 -0.079977 -0.004436 0.015061 0.170240
0.201553 0.024229 -0.011420 0.000210 -0.011733 0.022184 0.013969 0.024939 0.000306 -0.091298 -0.016545 0.022570
0.024229 0.087999 0.025398 0.008220 -0.014501 0.009212 0.005236 0.004248 0.002756 -0.024242 0.000561 0.005471
-0.011420 0.025398 0.185500 0.042751 -0.038778 0.003493 0.005916 0.018994 0.000782 -0.040742 0.002175 0.006162
0.000210 0.008220 0.042751 0.120939 0.012774 0.001647 0.007077 -0.002789 -0.001955 -0.024279 0.009104 0.013533
-0.011733 -0.014501 -0.038778 0.012774 0.299133 -0.000449 -0.011111 -0.029500 -0.004925 0.033169 -0.009874 -0.005030
0.022184 0.009212 0.003493 0.001647 -0.000449 0.126435 0.012360 -0.004681 -0.002521 -0.051823 0.019444 0.008668
0.013969 0.005236 0.005916 0.007077 -0.011111 0.012360 0.048698 0.010975 -0.000460 -0.035030 0.005313 0.010556
0.024939 0.004248 0.018994 -0.002789 -0.029500 -0.004681 0.010975 0.144297 0.001725 -0.104467 -0.005802 0.007439
0.000306 0.002756 0.000782 -0.001955 -0.004925 -0.002521 -0.000460 0.001725 0.096303 -0.039045 -0.006819 0.000696
-0.091298 -0.024242 -0.040742 -0.024279 0.033169 -0.051823 -0.035030 -0.104467 -0.039045 0.661234 -0.072815 -0.063665
-0.016545 0.000561 0.002175 0.009104 -0.009874 0.019444 0.005313 -0.005802 -0.006819 -0.072815 0.134732 0.011500
0.022570 0.005471 0.006162 0.013533 -0.005030 0.008668 0.010556 0.007439 0.000696 -0.063665 0.011500 0.078333
0.135239 0.020026 0.000232 -0.005790 0.003324 0.010436 0.015757 0.015510 0.011746 0.001597 -0.103231 0.009658
0.020026 0.184799 0.023393 -0.009949 0.001333 0.001105 0.022955 0.013222 0.022086 0.001117 -0.083421 -0.009885
0.000232 0.023393 0.098823 0.027004 0.005559 -0.013471 0.012836 0.010838 0.010016 0.003529 -0.027179 0.004535
-0.005790 -0.009949 0.027004 0.220916 0.024170 -0.048910 -0.000936 0.006418 0.024523 0.010370 -0.055537 0.003008
0.003324 0.001333 0.005559 0.024170 0.113125 0.009897 0.001746 0.000822 0.008127 0.002433 -0.014369 0.002668
0.010436 0.001105 -0.013471 -0.048910 0.009897 0.308775 -0.000179 -0.022784 -0.036172 -0.000827 0.033583 0.002598
0.015757 0.022955 0.012836 -0.000936 0.001746 -0.000179 0.117869 0.017912 -0.007527 -0.003245 -0.042840 0.007704
0.015510 0.013222 0.010838 0.006418 0.000822 -0.022784 0.017912 0.081255 0.015905 -0.001935 -0.054587 0.004671
0.011746 0.022086 0.010016 0.024523 0.008127 -0.036172 -0.007527 0.015905 0.215165 -0.000474 -0.139277 -0.007881
0.001597 0.001117 0.003529 0.010370 0.002433 -0.000827 -0.003245 -0.001935 -0.000474 0.097580 -0.026674 -0.001921
-0.103231 -0.083421 -0.027179 -0.055537 -0.014369 0.033583 -0.042840 -0.054587 -0.139277 -0.026674 0.655478 -0.022343
0.009658 -0.009885 0.004535 0.003008 0.002668 0.002598 0.007704 0.004671 -0.007881 -0.001921 -0.022343 0.090684
0.223685 0.013014 -0.010513 -0.001897 0.003003 0.007871 -0.009028 0.028910 0.005385 -0.012489 -0.011766 -0.095165
0.013014 0.068947 0.031491 0.011916 0.013464 0.009694 0.002071 0.009169 0.007668 0.009978 0.004788 -0.047841
-0.010513 0.031491 0.164898 0.033020 0.013498 0.013211 -0.002678 0.020531 0.010938 0.025529 0.008878 -0.069228
-0.001897 0.011916 0.033020 0.087846 0.036540 0.003995 -0.006343 0.006860 0.002860 0.012091 0.003703 -0.010177
0.003003 0.013464 0.013498 0.036540 0.186899 0.024070 -0.019811 0.002438 0.012468 0.015661 0.006997 -0.035550
0.007871 0.009694 0.013211 0.003995 0.024070 0.112057 0.015182 0.003735 0.004176 0.001725 0.004830 -0.013397
-0.009028 0.002071 -0.002678 -0.006343 -0.019811 0.015182 0.184874 0.004477 -0.000590 -0.015498 0.008107 0.029332
0.028910 0.009169 0.020531 0.006860 0.002438 0.003735 0.004477 0.128632 0.013571 -0.005060 -0.001255 -0.043595
0.005385 0.007668 0.010938 0.002860 0.012468 0.004176 -0.000590 0.013571 0.038331 0.012220 -0.000477 -0.026398
-0.012489 0.009978 0.025529 0.012091 0.015661 0.001725 -0.015498 -0.005060 0.012220 0.145496 0.006874 -0.094854
-0.011766 0.004788 0.008878 0.003703 0.006997 0.004830 0.008107 -0.001255 -0.000477 0.006874 0.088457 -0.033670
-0.095165 -0.047841 -0.069228 -0.010177 -0.035550 -0.013397 0.029332 -0.043595 -0.026398 -0.094854 -0.033670 0.618761
0.692702 -0.015447 -0.103342 -0.149083 -0.025654 -0.046005 0.002891 0.031543 -0.035103 -0.066016 -0.162309 -0.027171
-0.015447 0.085729 0.018104 -0.011995 0.000958 0.002993 0.000782 0.008064 0.003444 0.004899 -0.002687 0.001844
-0.103342 0.018104 0.140504 0.035957 0.004687 0.000311 0.007806 0.001064 0.013138 0.016444 0.017494 -0.002173
-0.149083 -0.011995 0.035957 0.288121 0.020020 -0.023741 -0.005467 -0.019429 0.018660 0.019167 0.027524 0.002732
-0.025654 0.000958 0.004687 0.020020 0.090630 0.020334 -0.000328 -0.014799 0.008978 0.010499 0.013146 0.004120
-0.046005 0.002993 0.000311 -0.023741 0.020334 0.211106 0.010856 -0.044657 -0.001621 0.015496 0.029415 0.010896
0.002891 0.000782 0.007806 -0.005467 -0.000328 0.010856 0.103674 0.004551 -0.002051 0.000903 0.000384 0.000136
0.031543 0.008064 0.001064 -0.019429 -0.014799 -0.044657 0.004551 0.255043 -0.002647 -0.028811 -0.039366 -0.000282
-0.035103 0.003444 0.013138 0.018660 0.008978 -0.001621 -0.002051 -0.002647 0.111561 0.012415 -0.012416 0.000795
-0.066016 0.004899 0.016444 0.019167 0.010499 0.015496 0.000903 -0.028811 0.012415 0.119138 0.010408 -0.005142
-0.162309 -0.002687 0.017494 0.027524 0.013146 0.029415 0.000384 -0.039366 -0.012416 0.010408 0.222697 0.006264
-0.027171 0.001844 -0.002173 0.002732 0.004120 0.010896 0.000136 -0.000282 0.000795 -0.005142 0.006264 0.084805
1.000000 0.000000 0.000000 0.000000 0.000000 0.000000 0.000000 0.000000 0.000000 0.000000 0.000000 0.000000
0.000000 1.000000 0.000000 0.000000 0.000000 0.000000 0.000000 0.000000 0.000000 0.000000 0.000000 0.000000
0.000000 0.000000 1.000000 0.000000 0.000000 0.000000 0.000000 0.000000 0.000000 0.000000 0.000000 0.000000
0.000000 0.000000 0.000000 1.000000 0.000000 0.000000 0.000000 0.000000 0.000000 0.000000 0.000000 0.000000
0.000000 0.000000 0.000000 0.000000 1.000000 0.000000 0.000000 0.000000 0.000000 0.000000 0.000000 0.000000
0.000000 0.000000 0.000000 0.000000 0.000000 1.000000 0.000000 0.000000 0.000000 0.000000 0.000000 0.000000
0.000000 0.000000 0.000000 0.000000 0.000000 0.000000 1.000000 0.000000 0.000000 0.000000 0.000000 0.000000
0.000000 0.000000 0.000000 0.000000 0.000000 0.000000 0.000000 1.000000 0.000000 0.000000 0.000000 0.000000
0.000000 0.000000 0.000000 0.000000 0.000000 0.000000 0.000000 0.000000 1.000000 0.000000 0.000000 0.000000
0.000000 0.000000 0.000000 0.000000 0.000000 0.000000 0.000000 0.000000 0.000000 1.000000 0.000000 0.000000
0.000000 0.000000 0.000000 0.000000 0.000000 0.000000 0.000000 0.000000 0.000000 0.000000 1.000000 0.000000
0.000000 0.000000 0.000000 0.000000 0.000000 0.000000 0.000000 0.000000 0.000000 0.000000 0.000000 1.000000
0.200066 0.009806 -0.158223 -0.003032 0.011840 0.028596 0.009870 0.019725 -0.001147 -0.031275 -0.007881 0.022868
0.009806 0.118898 -0.009655 -0.001291 -0.005047 -0.001861 0.004897 0.008226 0.002786 -0.004958 0.002187 0.000322
-0.158223 -0.009655 0.798698 -0.031523 -0.097372 -0.127189 -0.017159 -0.037032 0.002237 0.010891 -0.019206 -0.066601
-0.003032 -0.001291 -0.031523 0.148931 0.016768 -0.018670 -0.000939 -0.002424 0.000155 0.006180 0.013345 0.018890
0.011840 -0.005047 -0.097372 0.016768 0.117680 0.022454 -0.001510 -0.008008 -0.001115 0.008871 0.014121 0.012987
0.028596 -0.001861 -0.127189 -0.018670 0.022454 0.252274 0.010601 -0.024847 -0.008621 -0.012466 0.007287 0.015254
0.009870 0.004897 -0.017159 -0.000939 -0.001510 0.010601 0.074860 0.014712 -0.002080 -0.012561 0.006164 0.007522
0.019725 0.008226 -0.037032 -0.002424 -0.008008 -0.024847 0.014712 0.199801 0.007192 -0.048756 -0.002717 0.009597
-0.001147 0.002786 0.002237 0.000155 -0.001115 -0.008621 -0.002080 0.007192 0.084564 0.007635 -0.005508 -0.001601
-0.031275 -0.004958 0.010891 0.006180 0.008871 -0.012466 -0.012561 -0.048756 0.007635 0.294511 -0.010531 -0.016892
-0.007881 0.002187 -0.019206 0.013345 0.014121 0.007287 0.006164 -0.002717 -0.005508 -0.010531 0.110468 0.017448
0.022868 0.000322 -0.066601 0.018890 0.012987 0.015254 0.007522 0.009597 -0.001601 -0.016892 0.017448 0.079934
